"Poids" "Diam" "L" "a" "b" "Glucose" "Fructose" "Saccharose" "Citrate" "Malate" "Variete" "Maturite"
"371p05" 48 36.925 64.15 -6.78 42.43 1.28 0.52 2.48 36.8 3.95 "37" "Faible"
"371p06" 40.2 36.925 58.15 -13.2 39.15 1.3 0.47 1.71 37.92 4.98 "37" "Faible"
"371p07" 42 35.425 60.99 -6.71 36.84 2.69 0.91 5.46 38.45 4.57 "37" "Faible"
"371p08" 47.4 37.463 56.41 5.43 34.76 2.28 0.74 4.27 34.88 5.33 "37" "Faible"
"371p09" 35.2 33.862 59.7 -12.31 40.29 1.17 0.5 1.72 36.07 4.15 "37" "Faible"
"371p11" 60.5 41.6 58.76 -9.25 35.81 1.4 0.57 4.01 32.73 4.56 "37" "Faible"
"371p12" 66.7 40.775 63.77 -8.83 38.51 1.19 0.46 3.33 33.5 4.94 "37" "Faible"
"371p13" 44.1 35.287 54.28 0.78 35.56 1.34 0.51 2.29 44.38 5.24 "37" "Faible"
"371p14" 44.5 38.1 55.53 13.88 34.01 1.24 0.52 2.82 34.21 4.6 "37" "Faible"
"371p15" 43.6 37.588 58.68 15.04 37.12 1.21 0.58 1.74 34.73 4.04 "37" "Faible"
"371p16" 48.8 38 56.52 5.49 33.66 1.53 0.72 2.03 40.83 3.99 "37" "Faible"
"371p17" 52.4 38.825 63.08 9.64 41.51 1.36 0.59 2.89 25.46 3.83 "37" "Faible"
"371p18" 36.1 34.263 57.28 -7.25 35.5 1.39 0.56 2.39 36.13 4.51 "37" "Faible"
"371p19" 36.4 34.625 54.95 3.58 33.77 1.42 0.61 2.07 43.04 5.25 "37" "Faible"
"371p21" 54.3 40.05 64.14 -8.62 41.46 1.13 0.58 2.47 36.61 4.46 "37" "Faible"
"371p22" 51.6 38.35 62.38 -9.73 37.47 0.93 0.44 2.44 34.85 4.96 "37" "Faible"
"371p23" 41.9 36.288 60.76 -11.41 37.49 1.09 0.57 1.78 35.75 4.44 "37" "Faible"
"371p24" 41.1 36.475 60.52 -6.04 39.1 1.24 0.67 2.02 31.03 4.13 "37" "Faible"
"371p25" 43.1 37.975 59.43 -9.74 37.36 1.35 0.6 1.32 35.98 3.27 "37" "Faible"
"371p26" 47.7 37.575 61.5 -8.73 36.91 1.25 0.65 2.01 37.56 3.74 "37" "Faible"
"371p27" 51.8 37.538 61.28 -10.04 38.75 1.24 0.66 2.19 37.51 4.81 "37" "Faible"
"371p28" 36.5 35.237 59.2 -9.73 38.7 1.38 0.71 1.45 37.86 3.97 "37" "Faible"
"371p29" 40.2 36.562 55.12 20.74 36.19 1.71 0.72 2.45 32.55 4.59 "37" "Faible"
"371p31" 44.6 36.487 50.92 21.19 32.3 1.71 0.67 2.61 35.31 4.44 "37" "Faible"
"371p32" 43.9 37.7 62.15 1.88 40.93 1.92 0.87 2.32 34.06 4.16 "37" "Faible"
"371p33" 54.1 40.888 62.82 -8.96 39.11 0.99 0.6 2.15 35.78 4.62 "37" "Faible"
"371p34" 42 35.525 62.97 -11.59 38.38 1.05 0.59 1.97 40.84 4.53 "37" "Faible"
"371p35" 36 34.763 62.45 -2.19 40.53 1.55 0.87 1.64 33.72 3.58 "37" "Faible"
"371p36" 42.7 37.512 60.01 -11.38 37.2 1.11 0.67 5.33 39.68 3.88 "37" "Faible"
"371p37" 55.2 39.038 67.37 -6.9 38.29 1.12 0.63 2.41 38.65 4.63 "37" "Faible"
"371p38" 45.2 36.562 60.63 -6.11 37.63 1.21 0.75 1.99 38.65 5.36 "37" "Faible"
"371p39" 45.6 37.463 61.84 -11.36 36.75 1.22 0.7 1.51 40.62 4.31 "37" "Faible"
"372p01" 55.9 40.7 61.27 -3.38 40.84 2.05 1.03 2.04 26.61 5.23 "37" "Moyenne"
"372p02" 62.8 41.313 64.59 -0.63 46.81 1.95 1.05 2.75 29.27 5.52 "37" "Moyenne"
"372p03" 66.9 42.813 57.19 15.93 36.06 2.18 1.18 3.38 21.89 6.12 "37" "Moyenne"
"372p04" 54.2 39.825 59.62 12.09 40.22 2.43 1.38 2.45 26.97 5.38 "37" "Moyenne"
"372p05" 56.5 40.388 63.08 -5.94 43.75 2.66 1.28 1.27 23.49 4.79 "37" "Moyenne"
"372p06" 56.7 40.275 61.39 8.62 40.02 2.17 1.15 2.62 24.96 6.11 "37" "Moyenne"
"372p07" 52.8 40.587 68.17 -3.09 46.42 1.98 1.08 2.25 34.38 4.78 "37" "Moyenne"
"372p08" 54.5 39.625 60.97 5.76 40.39 2.02 1.1 2.75 26.54 5.67 "37" "Moyenne"
"372p09" 46.7 37.363 59.19 10.02 37.74 2.5 1.18 2.68 26.95 6.42 "37" "Moyenne"
"372p10" 52.3 37.838 67.83 9.91 48.19 2.46 1.3 3.04 29.76 6.13 "37" "Moyenne"
"372p11" 50.9 39.325 54.41 21.75 34.71 2.33 1.2 2.83 23.87 5.83 "37" "Moyenne"
"372p12" 52 39.35 63.09 5.79 44.58 2.22 1.07 2.6 30.79 6.4 "37" "Moyenne"
"372p14" 70.5 42.775 61.9 7.22 42.71 2.16 1.13 2.42 24.71 5.62 "37" "Moyenne"
"372p15" 52.5 39 61.81 16.33 38.42 2.23 1.18 2.68 25.78 5.52 "37" "Moyenne"
"372p16" 56.9 41.65 54.87 28.58 32.38 1.75 1.03 2.83 21.11 5.68 "37" "Moyenne"
"372p17" 66.1 44.038 61.08 9.13 38.52 1.8 1.05 2.39 28.1 5.37 "37" "Moyenne"
"372p18" 61.7 41.65 61.77 7.39 42.63 1.93 1.05 2.8 23.44 5.97 "37" "Moyenne"
"372p19" 68.4 42.612 62.38 11.86 41.09 2.33 1.15 2.64 22.28 5.23 "37" "Moyenne"
"372p20" 57 40.438 41.15 41.62 22.25 1.72 0.97 2.34 23.75 5.65 "37" "Moyenne"
"372p21" 49 38.525 59.03 19.93 40.29 2.08 1.05 2.37 25.43 5.53 "37" "Moyenne"
"372p22" 52.6 40.113 59.03 22.09 35.7 2.08 1.15 2.21 22.67 5.08 "37" "Moyenne"
"372p23" 52.3 40.563 63.94 12.09 40.06 1.75 0.97 2.3 19.87 4.91 "37" "Moyenne"
"372p24" 54.5 40.05 64.42 12.6 45.15 2.27 1.15 2.72 24.92 5.5 "37" "Moyenne"
"372p25" 65 42.55 64.77 5.61 44.48 1.78 0.98 2.18 23.46 5.97 "37" "Moyenne"
"372p26" 59.9 41.3 59.32 7.44 38.01 1.82 1.02 2.79 25.7 6.25 "37" "Moyenne"
"372p28" 59.5 41.3 55.81 18.87 31.01 1.95 1.05 2.63 26.93 5.37 "37" "Moyenne"
"372p29" 61.1 40.375 54.8 23.16 35.1 2.27 1.1 2.99 30.4 5.81 "37" "Moyenne"
"372p30" 62.7 41.75 58.05 20.51 37.18 2.27 1.15 2.12 22.18 5.35 "37" "Moyenne"
"372p31" 56.8 39.1 62.25 11.43 43.8 2.35 1.13 3.64 30.47 5.97 "37" "Moyenne"
"372p32" 61.6 41.838 54.48 15.87 35.97 2.5 1.3 3.01 25.74 5.66 "37" "Moyenne"
"372p33" 50.2 38.575 62.11 11.72 38.77 2.2 1.12 3.7 23.81 5.52 "37" "Moyenne"
"372p34" 59.9 41.85 64.08 4.83 41.61 2 1.13 2.36 23.49 5.39 "37" "Moyenne"
"372p35" 60 42.763 55.79 17.91 34.68 2.32 1.22 2.14 25.33 5.21 "37" "Moyenne"
"372p36" 62.6 42.188 47.37 14.67 24.09 2.17 1.07 2.99 26.93 5.82 "37" "Moyenne"
"372p37" 53.9 39.325 61.79 9.75 42.57 2.43 1.3 1.4 23.05 5.37 "37" "Moyenne"
"372p38" 61.6 41.212 66.52 9.4 49.03 2.1 1.15 3.43 26.52 5.96 "37" "Moyenne"
"372p39" 57.4 39.875 53.4 16.51 30.65 2.7 1.28 1.77 25.39 5.67 "37" "Moyenne"
"372p40" 56.2 39.363 63.13 9.62 43.57 2.08 1.15 2.47 26.17 5.52 "37" "Moyenne"
"373p01" 68.5 42.55 50.04 33.88 31.22 2.15 1.05 3.49 21.86 4.47 "37" "Forte"
"373p02" 63.4 43.312 59.92 21.27 40.88 2.32 1.05 3.91 19.11 4.77 "37" "Forte"
"373p03" 73.5 45.637 54.8 27.17 36.69 2.6 1.4 3.73 25.43 5.98 "37" "Forte"
"373p04" 60.3 42.925 56.28 23.81 37.33 2.71 1.37 2.51 23.73 5.5 "37" "Forte"
"373p05" 47.4 39.1 45.52 34.98 23.65 2.83 1.33 3.04 20.74 4.93 "37" "Forte"
"373p06" 59.2 41.963 61.74 8.88 43.5 2.25 1.18 3.12 24.22 4.63 "37" "Forte"
"373p07" 59.3 40.925 44.69 37.49 27.77 2.94 1.42 4.51 22.96 5.65 "37" "Forte"
"373p08" 62.3 44.338 40.75 32.5 20.48 2.29 1.22 3.16 19.45 4.76 "37" "Forte"
"373p09" 65.9 44.362 57.86 15.66 38.85 2.39 1.3 3.01 20.26 5.21 "37" "Forte"
"373p10" 62.8 43.35 59.27 19.65 40.34 2.39 1.12 3.65 24.14 5.36 "37" "Forte"
"373p11" 63 43.225 68.91 2.23 47.88 2.23 1.15 2.83 23.07 4.63 "37" "Forte"
"373p12" 64.6 42.463 64.12 10.89 42.8 2.1 1.08 2.91 27.34 5.22 "37" "Forte"
"373p13" 55.7 40.225 57.81 16.87 37.47 2.37 1.17 2.98 26.09 4.91 "37" "Forte"
"373p14" 68.2 44.013 69.45 7.13 46.94 2.44 1.32 2.54 22.21 4.62 "37" "Forte"
"373p15" 66.5 44.562 63.28 21.29 43.13 2.12 1.15 3.87 23.4 4.92 "37" "Forte"
"373p19" 66.2 43.663 62.16 16.23 38.11 2.5 1.32 3.31 27.3 6.26 "37" "Forte"
"373p20" 65.3 44.762 69.69 8.4 47.49 2.8 1.43 3.61 28.52 3.28 "37" "Forte"
"373p21" 58.7 41.625 44.92 35.5 25.79 2.12 1.1 3.57 25.35 5.66 "37" "Forte"
"373p22" 65.7 43.763 69.01 10.51 47.16 3 1.4 2.63 35.16 5.82 "37" "Forte"
"373p23" 61 41.5 59.51 14.45 38.13 2.61 1.25 3.21 23.51 5.39 "37" "Forte"
"373p24" 69 44.8 59.15 22.45 39 2.8 1.55 2.82 32.37 6.26 "37" "Forte"
"373p25" 57.3 40.087 54.46 21.71 37.5 2.34 1.17 3.14 26.09 5.5 "37" "Forte"
"373p26" 73.1 46.438 57.1 22.17 34.76 2.88 1.55 2.95 20.72 4.63 "37" "Forte"
"373p27" 51.8 39.825 61.6 17.61 39.61 2.97 1.25 2.67 22.62 4.77 "37" "Forte"
"373p28" 55.5 40.425 59.72 25.25 41.92 3.03 1.35 3.79 26.63 5.54 "37" "Forte"
"373p29" 58.5 42.1 47.93 29.52 28.58 2.48 1.28 3.41 25.8 5.38 "37" "Forte"
"373p30" 69.8 43.3 63.99 13.04 46.07 3.05 1.35 3.81 20.33 5.97 "37" "Forte"
"373p31" 72.2 45.988 59.23 18.26 43.26 2.95 1.35 3.92 24.61 5.22 "37" "Forte"
"373p32" 58.8 42.338 39.93 16.62 20.64 2.86 1.46 3.69 27.45 5.1 "37" "Forte"
"373p33" 57.3 42.513 38.88 31.55 17.3 2.77 1.42 2.15 24.94 4.91 "37" "Forte"
"373p34" 63.1 42.688 61.35 18.71 41.52 2.5 1.15 4.21 27.76 5.38 "37" "Forte"
"373p35" 62.7 43.35 61.02 7.47 40 2.62 1.37 3.57 27.26 5.21 "37" "Forte"
"373p36" 66.3 43.35 56.46 25.81 35.83 3.17 1.35 4.5 20.3 5.37 "37" "Forte"
"373p37" 64.4 43.1 66.53 8.8 46.04 2.55 1.4 4.33 26.56 5.67 "37" "Forte"
"373p38" 58.5 42.225 54.58 34.36 37.36 2.98 1.43 4.44 19.53 5.37 "37" "Forte"
"373p39" 72.1 43.275 67.29 7.84 45.27 2.25 1.2 4.34 27.78 5.38 "37" "Forte"
"373p40" 67.1 42.912 55.74 24.37 36.99 3.43 1.55 3.46 27.8 5.54 "37" "Forte"
"bl1p01" 51.4 43.3 66.34 -3.6 35.72 2.6 0.8 2.14 9.87 23.24 "bl" "Faible"
"bl1p02" 43 39 69.69 -6.23 37.2 2.03 0.78 2.19 10.56 21.65 "bl" "Faible"
"bl1p03" 50.7 41.412 69.44 -6.15 41.45 2.09 0.8 2.6 9.37 19.84 "bl" "Faible"
"bl1p04" 60.3 44.6 69.11 -6.09 42.95 1.82 0.75 2.28 8.72 18.95 "bl" "Faible"
"bl1p05" 50.8 41.763 69.31 -6.21 41.91 2.35 0.73 2.09 9.19 17.59 "bl" "Faible"
"bl1p06" 66.3 47.387 68.81 -5.78 35.53 2.32 0.7 2.7 10.51 16.85 "bl" "Faible"
"bl1p07" 44.3 39.65 70.23 -3.39 38.29 2.44 0.8 2.27 10.03 18.91 "bl" "Faible"
"bl1p08" 62.4 44.35 72.71 -4.88 40.87 2.48 0.75 3 11.44 14.55 "bl" "Faible"
"bl1p09" 55.5 43.05 68.93 -4.66 40.83 2.07 0.8 2.89 12.29 21.29 "bl" "Faible"
"bl1p10" 60.2 43.638 69.02 -6.42 40.54 2.21 0.73 2.76 11.45 17.87 "bl" "Faible"
"bl1p11" 56.8 43.788 65.21 -4.84 34.31 2.23 0.78 2.23 12.76 22.5 "bl" "Faible"
"bl1p12" 55 43.987 69.83 -6.05 35.95 2.1 0.7 2.47 9.39 18.72 "bl" "Faible"
"bl1p13" 57.2 44.312 71.76 -6.63 36.47 2.19 0.67 2.56 10.94 21.74 "bl" "Faible"
"bl1p14" 42.5 40.4 70.23 -5.44 44.01 2.99 0.87 3.17 12.71 15.17 "bl" "Faible"
"bl1p15" 44.9 39.238 71.57 -4.35 44.27 2.85 0.87 3.32 8.5 14.52 "bl" "Faible"
"bl1p16" 62.1 45.163 70.31 -3.81 39.94 2.38 0.78 3.48 13.48 17.87 "bl" "Faible"
"bl1p17" 43.9 39.738 66.58 -1.52 45.67 2.51 0.72 2.74 13.14 17.48 "bl" "Faible"
"bl1p18" 50.9 42.987 65.1 -6.66 33.49 2.44 0.77 2.08 11.16 16.82 "bl" "Faible"
"bl1p19" 60.9 45.088 71.18 -5.56 39.4 2.17 0.76 2.91 9.06 18.5 "bl" "Faible"
"bl1p20" 44.5 40.2 70.84 -4.3 42.68 2.8 0.7 2.95 8.96 15.23 "bl" "Faible"
"bl1p21" 55.3 44.25 71.95 -4.34 43.78 2.48 0.77 2.36 8 18.62 "bl" "Faible"
"bl1p22" 56.8 43.675 68.38 -5.17 40.04 2.56 0.79 3.82 13.57 13.97 "bl" "Faible"
"bl1p23" 51.6 42.688 70.15 -5.99 43.57 3.1 0.83 3.76 10.09 15.73 "bl" "Faible"
"bl1p24" 53.7 42.487 70.05 -3.82 45.09 3.06 0.85 4.3 9.58 14.23 "bl" "Faible"
"bl1p25" 54.7 43.4 70.34 -3.77 44.72 3.08 0.8 4.28 11.64 16.17 "bl" "Faible"
"bl1p26" 54.2 42.425 70.68 -6.27 36.99 2.37 0.75 2.53 9.46 18.87 "bl" "Faible"
"bl1p27" 77.4 49.987 70.99 -7.36 38.17 2.28 0.7 2.95 9.63 18.98 "bl" "Faible"
"bl1p28" 61.3 45.338 70.3 -5.44 45.16 2.5 0.78 3.09 6.05 16.89 "bl" "Faible"
"bl1p29" 38.9 38.15 70.79 -4.41 40.91 2.51 0.88 3.48 10.11 18.1 "bl" "Faible"
"bl1p30" 59.9 45.363 69.76 -2.64 38.15 2.47 0.71 4.02 14.67 15.36 "bl" "Faible"
"bl1p31" 47.8 40.825 70.53 -5.66 39.39 2.59 0.8 3.36 10.7 19.84 "bl" "Faible"
"bl1p32" 75.1 49.65 70.86 -5.75 43.43 2.91 0.82 3.31 12.24 20.28 "bl" "Faible"
"bl1p33" 62.5 46.05 67.36 -5.34 41.15 3.24 0.8 3.72 9.21 13.4 "bl" "Faible"
"bl1p34" 54.7 44.525 69.13 -4.98 38.7 2.59 0.85 3.7 12.73 19.64 "bl" "Faible"
"bl1p35" 52.3 41.238 68.62 -3.96 41.72 2.25 0.63 2.57 9.42 15.26 "bl" "Faible"
"bl1p36" 56 44.088 69.37 -5.11 37.1 2.36 0.73 3.48 14.37 16.69 "bl" "Faible"
"bl1p37" 66.5 48.212 67.93 -3.47 40.06 2.8 0.8 4.27 12.97 17.56 "bl" "Faible"
"bl1p38" 50.8 41.462 71.02 -2.9 43.15 2.64 0.8 4.25 11.47 21.9 "bl" "Faible"
"bl1p39" 45.2 40.688 68.36 -3.23 40.04 2.3 0.85 3 13.9 19.25 "bl" "Faible"
"bl1p40" 60 46.413 70.9 -4.01 44.96 2.71 0.9 4.53 13.25 20.69 "bl" "Faible"
"bl2p01" 44.8 40.05 69.36 0.9 43.23 2.25 0.61 4.37 12.15 13.14 "bl" "Moyenne"
"bl2p02" 42.5 39.5 72.01 -2.82 45.27 1.73 0.52 2.87 10.43 13.28 "bl" "Moyenne"
"bl2p03" 47.1 40.712 70.59 -1.56 41.18 2.74 0.59 4.84 11.48 10.09 "bl" "Moyenne"
"bl2p04" 47.5 41.537 70.89 -0.74 45.06 1.87 0.57 3.56 12.44 13.15 "bl" "Moyenne"
"bl2p05" 48.7 41.987 62.77 4.91 42.97 2.68 0.69 5.37 15.93 12.65 "bl" "Moyenne"
"bl2p06" 60.4 45.137 70.52 -2.85 45.79 2.22 0.53 3.71 8.59 10.58 "bl" "Moyenne"
"bl2p07" 59.9 43.575 65.21 -0.33 43.25 2.17 0.44 4.26 13.4 11.48 "bl" "Moyenne"
"bl2p08" 58.6 45.775 69.25 -2.46 35.39 2.29 0.5 3.96 10.25 13.35 "bl" "Moyenne"
"bl2p09" 57.3 43.487 70.45 -2.97 42.21 2.43 0.57 4.67 13.82 13.2 "bl" "Moyenne"
"bl2p10" 49.1 41.425 69.68 2.45 45.32 2.52 0.53 4.56 10.58 13.33 "bl" "Moyenne"
"bl2p11" 51.6 43.675 70.52 1 40.62 3.27 0.82 5.07 13.1 11.4 "bl" "Moyenne"
"bl2p12" 51.6 43.05 69.92 -1.5 40.94 2.74 0.67 4.92 12.02 11.7 "bl" "Moyenne"
"bl2p13" 49.5 40.675 71.31 -1.05 44.21 2.51 0.57 4.45 12.71 13.02 "bl" "Moyenne"
"bl2p14" 43.7 39.738 71.37 -0.5 44.66 2.26 0.56 4.06 14.03 12.3 "bl" "Moyenne"
"bl2p15" 70.1 46.988 71.64 -3.2 39.92 2.03 0.46 3.95 13.14 15.14 "bl" "Moyenne"
"bl2p16" 50 42.688 69.74 -0.58 42.86 2.65 0.65 4.8 12.17 12.06 "bl" "Moyenne"
"bl2p17" 67.9 46.363 70.97 -3.56 42.38 2.05 0.44 3.76 11.92 14.89 "bl" "Moyenne"
"bl2p18" 43 40.725 71.43 -0.83 45.31 2.32 0.6 4.02 14.25 14.73 "bl" "Moyenne"
"bl2p19" 46.2 41.938 71.03 0.84 41.62 3.36 0.8 5.66 11.58 10.76 "bl" "Moyenne"
"bl2p20" 47.7 40.063 69.61 -2.23 44.82 2.91 0.66 4.65 10.78 12.48 "bl" "Moyenne"
"bl2p21" 42.3 39.625 70.2 5.86 50.56 2.42 0.74 4.46 11 12.01 "bl" "Moyenne"
"bl2p22" 56.4 45.2 69.95 -4.26 35.65 2.5 0.52 4.61 14.95 13.18 "bl" "Moyenne"
"bl2p23" 66.7 44.612 69.53 -3.69 41.42 2.19 0.54 3.93 11.07 13.52 "bl" "Moyenne"
"bl2p24" 46.8 40.95 70.92 -0.45 45.57 1.93 0.57 3.53 12.32 14.44 "bl" "Moyenne"
"bl2p25" 42.5 40.212 69.98 3.48 48.87 2.19 0.63 3.89 11.66 13.1 "bl" "Moyenne"
"bl2p26" 49.9 42.162 71.14 -1.97 42.67 2.54 0.56 4.73 12.66 11.88 "bl" "Moyenne"
"bl2p27" 54 43.2 72.79 -2.08 46.64 2.45 0.56 4 8.02 12.48 "bl" "Moyenne"
"bl2p28" 47.4 41.225 68.08 5.52 46.03 2.46 0.67 4.81 15.22 12.61 "bl" "Moyenne"
"bl2p29" 48.9 42.362 70.64 -0.96 47.52 2.48 0.68 4.57 11.85 13.71 "bl" "Moyenne"
"bl2p30" 62.1 46 70.86 -2.05 39.19 1.79 0.5 3.53 11.88 11.35 "bl" "Moyenne"
"bl2p31" 57.3 43.013 70.63 -2.17 41.82 1.72 0.44 3.12 7.13 10.98 "bl" "Moyenne"
"bl2p32" 63 45.8 72.31 -0.37 42.27 2.44 0.5 4.59 11.88 10.92 "bl" "Moyenne"
"bl2p33" 59.6 45.775 70.47 -1.83 40.4 2.35 0.54 4.56 13.46 12.64 "bl" "Moyenne"
"bl2p34" 38.7 39.25 69.19 -0.99 40.34 2.14 0.57 4.21 14.46 14.93 "bl" "Moyenne"
"bl2p35" 47.3 40.55 69.13 -2.73 41.86 2.82 0.62 4.31 12.62 13.84 "bl" "Moyenne"
"bl2p36" 45.9 41.912 68.62 4.61 39.56 2.79 0.65 4.15 10.13 10.8 "bl" "Moyenne"
"bl2p37" 59.8 43.675 71.73 -0.44 47.08 2.54 0.64 4.06 7.8 10.64 "bl" "Moyenne"
"bl2p39" 49.6 42.225 70.09 0.82 46.4 2.03 0.61 3.76 12.37 14.13 "bl" "Moyenne"
"bl2p40" 47.5 41.5 71.34 1.81 49.12 1.94 0.6 3.59 11.9 14.93 "bl" "Moyenne"
"bl3p03" 48.1 41.763 74.05 1 38.71 3.43 0.8 5.51 10.55 11.19 "bl" "Forte"
"bl3p06" 47.4 42.862 71.09 1.6 45.52 3.19 0.77 4.35 11.67 10.03 "bl" "Forte"
"bl3p07" 54.5 43.162 72.81 -0.48 45.42 3.17 0.95 4.08 5.39 10.07 "bl" "Forte"
"bl3p09" 44.3 41.787 69.05 7.3 45.14 4.86 1.6 6.14 8.92 10.99 "bl" "Forte"
"bl3p11" 52.9 43.562 72.31 1.76 42.1 3.55 0.95 5.42 9.84 10.75 "bl" "Forte"
"bl3p12" 57.5 44.725 69.91 3.39 42.29 3.22 0.87 4.41 11.7 11.62 "bl" "Forte"
"bl3p13" 63 45.663 69.14 6.87 45.85 4.33 1.13 5.56 7.27 8.28 "bl" "Forte"
"bl3p14" 49 43.425 71.36 3.17 45.1 3.9 0.9 5.51 10.31 9.63 "bl" "Forte"
"bl3p15" 54.7 43.987 72.34 4.05 46.01 4.25 1.15 5.8 6.33 9.19 "bl" "Forte"
"bl3p16" 42 41.363 69.83 5.07 43.66 3.11 0.7 4.64 10.74 9.14 "bl" "Forte"
"bl3p17" 48.9 42.787 73.37 1.04 45.03 3.5 0.77 4.13 7.96 10.07 "bl" "Forte"
"bl3p18" 45 41.2 73.81 4 45.44 3.12 0.8 3.98 6.55 9.61 "bl" "Forte"
"bl3p19" 56.3 45.6 70.14 4.64 40.78 4.22 1.04 5.61 7.91 8 "bl" "Forte"
"bl3p22" 49.4 43.225 70.25 5.36 44.19 2.93 0.79 5.38 7.84 11.02 "bl" "Forte"
"bl3p23" 39.5 39.15 73.6 6.14 43.98 3.66 1 4.64 3.97 8.25 "bl" "Forte"
"bl3p24" 62.1 44.988 70.92 6.98 47.35 3.46 0.92 5.48 5.83 8.24 "bl" "Forte"
"bl3p25" 54.2 44.4 69.26 1.21 40.11 3.58 1.1 3.76 11.97 13.9 "bl" "Forte"
"bl3p26" 46.6 42.487 69.03 2.63 40.94 4.61 0.59 4.42 10.68 13.08 "bl" "Forte"
"bl3p27" 57.8 45.687 68.03 5.03 41.58 4.07 1.42 5.51 8.9 10.96 "bl" "Forte"
"bl3p28" 46.8 43.575 70.58 -0.75 38.9 3.2 0.85 4.85 9.84 12.54 "bl" "Forte"
"bl3p29" 64.8 45.913 70.06 3.63 43.58 3.46 1.03 5.52 12.22 13.02 "bl" "Forte"
"bl3p31" 54.6 45.238 72.76 3.15 42.87 3.6 1.02 2.6 5.83 10.24 "bl" "Forte"
"bl3p32" 54.9 44.25 72.26 0.43 39.8 3.73 1.1 3.18 6.33 11.42 "bl" "Forte"
"bl3p33" 51.7 44.062 71.33 2.18 43.82 3.47 1.02 4.24 9.53 11.33 "bl" "Forte"
"bl3p34" 60.5 47.3 74.67 -0.09 40.07 4.34 1.25 4.69 7.02 8.49 "bl" "Forte"
"bl3p35" 55.1 43.7 67.79 9.47 43.04 4.52 1.77 6.12 5.38 9.61 "bl" "Forte"
"bl3p36" 47.3 43.8 70.24 5.68 42.86 5.1 1.72 6.48 3.73 6.91 "bl" "Forte"
"bl3p37" 59.4 45.038 70.12 2.26 40.39 3.41 1.06 4.04 10.9 12.41 "bl" "Forte"
"bl3p39" 51.8 42.525 73.54 3.31 45.64 3.48 1.14 5.24 9.32 12.24 "bl" "Forte"
"go1p01" 53.3 43.013 63.36 8.82 46.47 1.67 0.67 4.03 26.11 8.04 "go" "Faible"
"go1p02" 50.1 41.313 62.88 10.33 49.36 1.6 0.53 4.95 28.19 7.63 "go" "Faible"
"go1p03" 76.3 47.438 62.25 -7.7 45.84 1.5 0.58 3.47 28.91 10.15 "go" "Faible"
"go1p04" 72.2 48.625 65.26 7.67 51.16 1.55 0.65 3.67 23.49 7.93 "go" "Faible"
"go1p05" 75.4 48.25 64.36 2.2 51.51 1.67 0.67 3.55 28.06 8.34 "go" "Faible"
"go1p06" 52.3 41.537 62.8 4.25 47.3 1.48 0.58 3.28 28.54 5.08 "go" "Faible"
"go1p07" 50.6 41.987 63.89 2.4 47.06 1.25 0.53 3.04 28.95 6.73 "go" "Faible"
"go1p08" 57.9 43.825 62.78 4 46.98 1.63 0.58 3.29 24.67 7.93 "go" "Faible"
"go1p09" 68.4 46.137 62.48 -3.82 48.21 1.4 0.6 2.81 24.26 8.37 "go" "Faible"
"go1p10" 64.3 45.937 64.56 -2.2 52.16 1.7 0.65 3.19 31.72 7.03 "go" "Faible"
"go1p11" 46.6 40.775 59.48 -1.35 40.3 1.18 0.48 2.47 31.28 7.02 "go" "Faible"
"go1p12" 58.9 44.062 59.31 6.05 43.41 1.4 0.55 3.7 28.08 7.6 "go" "Faible"
"go1p13" 53.1 43.162 62.65 10.11 48.23 1.85 0.7 3.99 32.84 8.81 "go" "Faible"
"go1p14" 75.8 48.925 62.4 3.33 47.59 1.65 0.62 3.51 33.18 9.4 "go" "Faible"
"go1p15" 51.5 41.263 61.37 -1.56 43.93 1.42 0.55 3.08 33.54 8.2 "go" "Faible"
"go1p16" 96.7 53.738 63.08 10.63 52.1 1.67 0.5 4.51 28.49 7.31 "go" "Faible"
"go1p17" 52.6 41.8 65.02 6.48 50.68 1.93 0.65 3.9 25.78 7.16 "go" "Faible"
"go1p18" 75.5 46.012 63.93 6.03 49.95 1.9 0.67 4.69 30.81 8.49 "go" "Faible"
"go1p19" 72.2 45.825 63.44 3.22 49.25 1.53 0.58 3.57 29.76 8.08 "go" "Faible"
"go1p20" 54.8 43.312 58.81 -1.34 42.86 1.17 0.55 1.8 31.98 7.3 "go" "Faible"
"go1p21" 60.1 44.463 59.06 -4.24 42.98 1.1 0.45 2.23 35.88 6.41 "go" "Faible"
"go1p22" 65.2 46.325 56.94 -6.07 40.53 1.35 0.53 2.76 30.93 8.38 "go" "Faible"
"go1p23" 63.4 45.325 60.4 -1.36 45.69 1.25 0.57 2.66 30.42 8.34 "go" "Faible"
"go1p24" 68.3 45.562 63.36 -4.85 47.57 1.32 0.57 2.65 30.37 8.18 "go" "Faible"
"go1p25" 59.5 43.25 64.04 2.24 46.76 1.58 0.73 2.85 26.61 6.88 "go" "Faible"
"go1p26" 67.1 45.425 66.48 3.27 51.25 1.5 0.55 3.17 27.28 8.49 "go" "Faible"
"go1p27" 73.5 46.25 63.91 3.18 47.71 1.57 0.55 3.22 26.48 6.84 "go" "Faible"
"go1p28" 74.5 48.375 66.21 4.01 54.26 1.53 0.63 3.47 21.89 6.12 "go" "Faible"
"go1p29" 67.9 45.4 64.58 4.13 51.23 1.45 0.6 3.56 28.49 8.2 "go" "Faible"
"go1p30" 74.8 49.388 63.32 -0.25 48.47 1.35 0.58 3.42 27.76 7.62 "go" "Faible"
"go1p31" 67.6 45.1 63.08 3.59 48.88 1.32 0.55 3.89 27.32 7.31 "go" "Faible"
"go1p32" 55.1 42.65 63.39 0.28 47.56 1.03 0.43 2.09 27.76 6.12 "go" "Faible"
"go1p33" 65.7 46.663 62.79 -1.68 49.48 1.5 0.58 4.33 28.98 7.33 "go" "Faible"
"go1p34" 77.3 47.488 63.62 1.4 50.39 1.39 0.57 3.73 29.11 8.75 "go" "Faible"
"go1p35" 66.6 44.35 63.42 -1.82 48.66 1.49 0.65 3.26 27.62 8.47 "go" "Faible"
"go1p36" 61.5 45.062 63.75 3.21 51.22 1.65 0.63 3.66 31.28 7.92 "go" "Faible"
"go1p37" 84 50.862 65.36 0.49 48.17 1.52 0.62 4.03 31.18 9.08 "go" "Faible"
"go1p38" 56.5 42.513 60.39 -7.13 46.39 1.25 0.52 2.75 28.04 8.63 "go" "Faible"
"go1p39" 62.9 44.612 64.58 2.55 47.72 1.4 0.6 3.71 23.46 6.87 "go" "Faible"
"go1p40" 59.7 45.125 62.21 1.22 47.72 1.4 0.57 3.7 29.62 7.59 "go" "Faible"
"go2p02" 59.8 43.413 57.57 19.26 49.27 0.85 0.35 2.75 23.79 8.94 "go" "Moyenne"
"go2p03" 88.9 46.1 63.71 16.57 53.36 0.9 0.4 3.57 20.69 11.78 "go" "Moyenne"
"go2p04" 42 38.137 57.5 15.04 47.97 0.72 0.32 2.55 18.32 11.76 "go" "Moyenne"
"go2p05" 48.6 39.488 54.56 20.81 46.35 1.03 0.35 2.9 23.05 8.51 "go" "Moyenne"
"go2p06" 55.6 41.6 56.41 14.14 47.64 1.05 0.38 2.99 21.89 11.8 "go" "Moyenne"
"go2p07" 49.7 40.325 60.15 15.61 50 1.05 0.47 2.85 21.86 10.74 "go" "Moyenne"
"go2p08" 64.3 44.05 54.15 21.24 44.24 1.32 0.45 3.15 19.06 8.92 "go" "Moyenne"
"go2p09" 64.1 44.6 59.64 16.93 51.07 1.15 0.38 3.06 20.74 10.91 "go" "Moyenne"
"go2p10" 78.4 47.325 61.55 13.69 49.36 0.98 0.35 3.57 17.58 13.13 "go" "Moyenne"
"go2p11" 48.5 40.388 56.1 5.85 43.45 0.6 0.23 1.88 24.67 7.78 "go" "Moyenne"
"go2p12" 60.4 42.138 59.97 16.92 48.73 0.95 0.4 3.76 18.42 14.97 "go" "Moyenne"
"go2p13" 54.1 41.775 58.34 11.9 48.03 0.75 0.27 2.63 20.25 10.41 "go" "Moyenne"
"go2p14" 58.7 43.475 59.38 19.36 46.67 1.15 0.43 4.02 19.55 13 "go" "Moyenne"
"go2p15" 59.5 43.663 57.88 18.42 49.28 1.33 0.5 3.91 19.53 11.04 "go" "Moyenne"
"go2p16" 56.3 42.787 56.78 16.82 47.62 0.85 0.28 2.54 23.83 10.3 "go" "Moyenne"
"go2p17" 82.3 48.575 62.84 19.81 50.21 1.09 0.42 4.44 17.47 11.72 "go" "Moyenne"
"go2p18" 66.7 44.937 59.74 18.23 50.72 1.15 0.5 3.8 14.45 12.54 "go" "Moyenne"
"go2p19" 54.4 42.375 59.48 15.14 51.98 0.82 0.37 3.66 19.42 13.51 "go" "Moyenne"
"go2p20" 65.7 44.275 62.64 12.88 50.17 1.04 0.45 3.87 20.52 14.2 "go" "Moyenne"
"go2p21" 67 45.7 61.9 17.04 50.68 1.15 0.53 4.33 17.59 18.37 "go" "Moyenne"
"go2p22" 68 44.825 61.13 19.34 51.68 0.97 0.47 4.24 16.68 14.23 "go" "Moyenne"
"go2p23" 62.1 43.338 58.35 20.94 50.99 1.03 0.48 4.35 17.19 13.28 "go" "Moyenne"
"go2p24" 71 45.762 59.55 19.65 47.67 1.15 0.5 4.6 12.92 13.32 "go" "Moyenne"
"go2p25" 57.7 42.638 58.28 18.87 48.27 0.97 0.42 3.55 15.15 10.24 "go" "Moyenne"
"go2p26" 55.2 42.85 60.44 17.76 49.69 1 0.5 4.26 16.8 15.22 "go" "Moyenne"
"go2p27" 73.8 47.387 59.35 11.93 47.89 0.98 0.45 4.05 16.03 14.64 "go" "Moyenne"
"go2p28" 82.8 47.7 56.25 16.97 41.87 1.1 0.53 4.64 10.55 13.73 "go" "Moyenne"
"go2p29" 80.5 48.787 62.45 21.62 53.19 1.52 0.67 5.12 13.23 11.45 "go" "Moyenne"
"go2p30" 66.8 44.4 60.78 22.67 52.56 0.92 0.3 3.04 22.23 9.84 "go" "Moyenne"
"go2p31" 70.4 45.275 59.52 20.27 51.75 1.55 0.62 4.69 18.32 11.76 "go" "Moyenne"
"go2p32" 63.1 44.125 59.98 17.34 50.95 1.34 0.55 4.31 16.68 10.97 "go" "Moyenne"
"go2p33" 62.3 42.487 62.83 18.29 48.16 0.98 0.5 3.7 11.73 10.75 "go" "Moyenne"
"go2p34" 53.7 41.075 56.64 8.4 45.55 0.8 0.35 2.15 22.25 11.33 "go" "Moyenne"
"go2p35" 75.2 47.888 59.91 6.9 45 0.83 0.38 3.2 16.42 13.14 "go" "Moyenne"
"go2p36" 68.1 45.363 58.6 9.76 47.25 0.92 0.42 3.79 14.44 14.62 "go" "Moyenne"
"go2p37" 55.4 42.188 56.31 8.86 44.73 0.67 0.27 2.25 25.66 9.95 "go" "Moyenne"
"go2p38" 58.8 43.037 55.51 16.54 48.88 0.9 0.32 2.92 22.23 10.43 "go" "Moyenne"
"go2p39" 47.1 39.975 58.14 18.23 50.77 1.5 0.63 3.49 17.97 13.28 "go" "Moyenne"
"go2p40" 62.3 45.2 60.49 15.27 45.68 1.5 0.55 3.96 16.39 6.26 "go" "Moyenne"
"go3p01" 59.4 41.737 59.52 25.97 54.71 1.68 0.78 5.28 20.35 8.52 "go" "Forte"
"go3p02" 55.5 41.8 60.42 25.59 49.66 1.65 0.75 5.09 19.95 9.87 "go" "Forte"
"go3p03" 55.9 43.112 62.38 24.76 54.72 1.87 0.9 5.26 19.11 9.84 "go" "Forte"
"go3p04" 57.8 43.138 57.84 27.2 50.86 1.9 0.93 6.09 17.62 10.02 "go" "Forte"
"go3p05" 56.5 43.338 61.32 24.18 54.64 1.7 0.85 5.55 18.34 12.83 "go" "Forte"
"go3p06" 46.1 39.538 59 26.71 52.48 1.92 0.9 5.74 18.34 9.4 "go" "Forte"
"go3p07" 42.9 37.488 58.45 27.65 52.1 2.4 1.12 5.83 19.89 9.98 "go" "Forte"
"go3p08" 50.6 40.725 61.61 26.77 53.11 1.95 0.92 6.69 17.17 11.04 "go" "Forte"
"go3p09" 56.6 43.3 60.64 23.5 52.25 1.5 0.75 4.59 18.3 12.94 "go" "Forte"
"go3p10" 61.1 44.375 60.49 28.09 53.48 1.64 0.82 5.78 19.08 11.16 "go" "Forte"
"go3p11" 47.7 39.425 59.62 20.19 53.35 1.43 0.77 4.22 14.66 10.46 "go" "Forte"
"go3p12" 62.2 44.25 56.65 25 50.14 1.35 0.58 4.14 22.67 8.96 "go" "Forte"
"go3p13" 49.1 39.738 56.53 25.39 51.12 1.48 0.57 4.22 23.93 9.73 "go" "Forte"
"go3p14" 54.9 41.563 60.38 25.26 51.14 1.55 0.78 4.85 17.61 11.21 "go" "Forte"
"go3p15" 60.8 44.762 59.19 26.73 53.02 1.63 0.85 5.29 11.36 8.08 "go" "Forte"
"go3p17" 56.7 43.588 60.58 23.41 53.62 1.67 0.72 4.51 20.3 11.04 "go" "Forte"
"go3p18" 55.7 42.1 60.26 26.89 52.41 1.77 0.75 5.88 18.33 9.98 "go" "Forte"
"go3p19" 59.4 43.225 60.16 25.88 53.2 1.65 0.8 5.93 17.55 12.22 "go" "Forte"
"go3p20" 57.7 43.275 61.84 23.43 54.56 1.62 0.77 5.59 17.54 12.06 "go" "Forte"
"go3p21" 46.6 40.138 60.21 21.26 54.07 1.37 0.67 3.46 24.18 10.13 "go" "Forte"
"go3p23" 54.9 43.55 56.44 20.02 49.24 0.95 0.4 2.52 28.19 6.88 "go" "Forte"
"go3p24" 41.3 37.713 58.66 23.04 54.13 1.52 0.75 4.36 15.59 6.55 "go" "Forte"
"go3p25" 46.9 40.25 59.34 23.11 49.62 1.52 0.7 5.15 24.88 11.59 "go" "Forte"
"mo1p01" 77.6 51 72.86 -9.65 35.83 2.26 0.8 0.52 25.5 5.57 "mo" "Faible"
"mo1p02" 62.3 45.35 72.71 -7.12 35.11 2.06 0.75 1.29 26.1 5.63 "mo" "Faible"
"mo1p03" 60.3 45.225 66.87 -8.71 32.89 1.87 0.74 0.89 27.07 5.95 "mo" "Faible"
"mo1p04" 58.6 44.85 74.09 -8.97 34.33 1.88 0.71 1.48 25.86 5.76 "mo" "Faible"
"mo1p05" 52.6 43.388 71.2 -9.26 35.56 1.66 0.75 1.95 27.14 6.27 "mo" "Faible"
"mo1p06" 67 47.613 70.26 -10.65 36 1.75 0.66 1.49 28.49 6.12 "mo" "Faible"
"mo1p07" 55.8 45.175 71.6 -8.47 34.71 1.62 0.71 2.61 24.19 5.48 "mo" "Faible"
"mo1p08" 65.3 48.162 70.88 -8.72 34.02 1.82 0.65 2.24 26.71 6.24 "mo" "Faible"
"mo1p09" 51.7 43.463 70.14 -9.25 31.31 2.09 0.74 0.87 28.17 5.8 "mo" "Faible"
"mo1p10" 57.9 45.262 70.62 -8.85 36.86 1.79 0.81 1.77 28.9 5.76 "mo" "Faible"
"mo1p11" 65.1 46.15 71.96 -8.45 38.27 1.8 0.79 2.08 27.98 5.43 "mo" "Faible"
"mo1p12" 83.9 51.562 73.45 -7.43 37.4 1.79 0.79 2.71 26.11 5.28 "mo" "Faible"
"mo1p13" 47.3 42.287 71.15 -8.29 40.69 2.25 0.85 1.22 23.85 5.35 "mo" "Faible"
"mo1p14" 52.2 42.85 64.64 -5.46 37.3 1.57 0.73 1.87 26.71 5.05 "mo" "Faible"
"mo1p16" 55.4 44.988 72.03 -9.77 33.08 1.92 0.77 1.33 29.28 8.03 "mo" "Faible"
"mo1p17" 82 50.888 73.64 -5.74 35.79 1.78 0.72 3 23.76 5.53 "mo" "Faible"
"mo1p18" 66 46.962 73.89 -6.1 36.68 1.87 0.84 2.86 24.95 5.3 "mo" "Faible"
"mo1p19" 52.5 42.975 72.17 -9.49 32.2 1.85 0.73 1.43 25.94 5.82 "mo" "Faible"
"mo1p20" 72.1 48.3 68.42 -7.27 40.12 2.2 0.83 0.9 28.13 5.82 "mo" "Faible"
"mo1p21" 67.1 48.837 69.89 -7.26 33.36 2.53 0.82 0.52 26.62 6.21 "mo" "Faible"
"mo1p22" 63.3 46.712 71.38 -8.07 31.96 2.08 0.75 1.05 27.9 6.06 "mo" "Faible"
"mo1p23" 61.6 45.838 68.55 -8.55 39.94 1.73 0.69 1.59 25.61 5.31 "mo" "Faible"
"mo1p24" 65.3 46.575 72.16 -7.87 36.22 1.99 0.88 2.61 25.45 6.37 "mo" "Faible"
"mo1p25" 66.7 47.25 74.73 -5.6 48.12 1.8 0.71 3.42 20.39 4.58 "mo" "Faible"
"mo1p26" 74.5 49.162 75.16 -6.52 36.34 1.9 0.74 2.2 24.99 5.97 "mo" "Faible"
"mo1p27" 77.4 50.963 75.42 -5.92 34.95 1.83 0.72 2.79 24.08 5.61 "mo" "Faible"
"mo1p28" 61.2 45.675 68.05 -11.01 37.99 2.24 0.81 0.29 30.54 6.61 "mo" "Faible"
"mo1p29" 58.8 45.137 71.24 -8.22 35.57 1.71 0.7 1.84 27.64 6.67 "mo" "Faible"
"mo1p30" 61.4 46.538 70.58 -9.62 34.66 1.81 0.73 1.1 29.47 5.84 "mo" "Faible"
"mo1p31" 63.4 46.163 69.69 -11.2 35.23 1.81 0.66 0.98 30.26 6.13 "mo" "Faible"
"mo1p32" 59.5 46.025 71.51 -6.99 37.94 1.67 0.64 2.98 25.88 5.97 "mo" "Faible"
"mo1p33" 75.3 50.388 69.19 -8.38 45.68 1.76 0.75 2.93 29.5 6.67 "mo" "Faible"
"mo1p34" 70.9 48.475 71.89 -6.9 40.04 1.71 0.69 3.29 31.21 7.09 "mo" "Faible"
"mo1p35" 63.6 45.725 71.11 -7.54 34.38 1.84 0.75 3.84 27.41 6.7 "mo" "Faible"
"mo1p36" 69.9 47.325 73.43 -6.29 36.64 1.73 0.79 3.65 28.04 6.62 "mo" "Faible"
"mo1p37" 66.4 47.75 68.58 -9.2 35.98 1.95 0.68 1.67 30.36 5.61 "mo" "Faible"
"mo1p38" 60.8 46.012 71.22 -9.05 36.03 2.12 0.81 1.17 29.27 5.96 "mo" "Faible"
"mo1p39" 62.7 45.475 72.6 -7.6 39.71 2.14 0.84 2.55 31.36 6.9 "mo" "Faible"
"mo1p40" 57.6 44.762 72.91 -6.68 37.86 1.78 0.69 2.44 28.7 6.63 "mo" "Faible"
"mo2p01" 77.8 48.912 65.81 -1.13 29.77 1.71 0.74 5.74 13.23 6.21 "mo" "Moyenne"
"mo2p02" 63.4 44.187 76.33 -1.39 35.21 1.51 0.69 5.47 19.3 6.22 "mo" "Moyenne"
"mo2p03" 61.8 43.812 71.34 -5.25 41.59 1.6 0.79 2.99 18.78 6.62 "mo" "Moyenne"
"mo2p04" 73.8 46.738 75.81 -3.8 44.67 1.87 0.83 5.36 21.63 7.04 "mo" "Moyenne"
"mo2p05" 89 50.287 73.09 -4.77 41.04 1.88 0.99 4.33 21.82 6.87 "mo" "Moyenne"
"mo2p06" 103.9 53.962 71.5 1.02 36.05 1.71 0.79 6.23 23.06 6.45 "mo" "Moyenne"
"mo2p07" 85.6 48.813 73.34 -4.38 37.91 1.93 0.94 5.89 21.86 6.89 "mo" "Moyenne"
"mo2p08" 74.3 47.275 72.77 -0.16 40.13 2 0.83 8.02 16.7 6.34 "mo" "Moyenne"
"mo2p09" 91 49.975 75.38 -2.49 33.46 2.13 0.93 7.34 16.05 6.57 "mo" "Moyenne"
"mo2p10" 64.2 45.875 75.36 -3.68 37.15 1.95 0.94 5.48 18.02 7.28 "mo" "Moyenne"
"mo2p11" 77.6 47.662 75.37 -5.24 36.85 2.02 0.96 5.35 20.29 7.11 "mo" "Moyenne"
"mo2p12" 76.1 48 70.2 -3.84 38.88 1.99 1 3.46 21.26 6.92 "mo" "Moyenne"
"mo2p13" 74.9 46.525 61.95 -1.43 25.25 2.48 1.19 8.05 16.49 7.07 "mo" "Moyenne"
"mo2p14" 73.3 48.25 75.97 -5.84 37.13 1.76 0.91 4.51 20.17 6.86 "mo" "Moyenne"
"mo2p15" 60.2 43.088 70.98 1.55 32.16 1.98 0.92 6.64 16.97 6.89 "mo" "Moyenne"
"mo2p16" 91 50.537 76.12 -3.46 37.2 1.95 0.9 7.27 17.81 6.49 "mo" "Moyenne"
"mo2p17" 78 48.763 74.61 -5.58 34.94 1.91 0.92 5.94 22.55 7.11 "mo" "Moyenne"
"mo2p18" 77.3 48.825 78.15 -6.07 38.11 2.04 1 5.25 21.93 6.91 "mo" "Moyenne"
"mo2p19" 75.7 47.725 78.87 -7.23 35.61 1.98 0.98 4.85 25.04 6.73 "mo" "Moyenne"
"mo2p20" 67.2 45.25 60.7 -0.54 26.44 2.47 1.07 7.81 19.86 7.14 "mo" "Moyenne"
"mo2p21" 63.8 44.175 74.65 0.55 41.22 2.26 0.9 6.62 18.19 6.68 "mo" "Moyenne"
"mo2p22" 69.8 46.587 76.12 -6.32 41.45 2.11 0.92 4.77 21.19 6.45 "mo" "Moyenne"
"mo2p23" 76.1 48.712 78.26 -3.06 35.65 1.67 0.8 5.64 17.32 6.48 "mo" "Moyenne"
"mo2p24" 60.4 44.075 78.29 -2.27 36.43 2.04 1.02 4.87 18.66 7.35 "mo" "Moyenne"
"mo2p25" 77.6 47.888 75.77 -2.93 31.19 1.91 0.89 7.03 22.59 7.34 "mo" "Moyenne"
"mo2p26" 73.2 46.525 76.73 -1.03 38.74 1.91 0.84 6.75 17.47 5.78 "mo" "Moyenne"
"mo2p27" 60.6 43.725 73.99 -2.3 35.21 2.45 1.09 8.14 17.85 6.39 "mo" "Moyenne"
"mo2p28" 62.1 44.25 78.3 -5.26 37.56 2.84 1.21 5.77 21.6 7.07 "mo" "Moyenne"
"mo2p29" 84.8 50.438 76.9 -4.99 34.72 2.53 1.16 8.8 19.67 6.7 "mo" "Moyenne"
"mo2p30" 83.6 49.9 75.13 -4.85 35.3 2.4 1.04 7.14 17.49 6.29 "mo" "Moyenne"
"mo2p31" 73.8 47.637 75.75 -4.31 36.96 2.59 1.09 7.93 20.13 6.41 "mo" "Moyenne"
"mo2p32" 69.5 47.613 77.18 -2.68 36.57 2.35 0.98 8.55 15.47 6.04 "mo" "Moyenne"
"mo2p33" 83.2 51.15 76.82 -4.76 36.1 2.08 1.08 6.03 19.92 7.16 "mo" "Moyenne"
"mo2p34" 68.1 46.65 75.59 -4.31 35.55 2.02 0.97 5.98 18.72 6.71 "mo" "Moyenne"
"mo2p35" 84.3 50.575 75.33 -2.86 39.9 2.28 1 6.66 17.14 6.95 "mo" "Moyenne"
"mo2p36" 74.1 48.138 75.91 -5.56 39.57 1.88 0.98 4.51 19.45 6.72 "mo" "Moyenne"
"mo2p37" 76.2 48.025 78.57 -2.45 40.86 2.07 0.82 8.01 15.21 6.26 "mo" "Moyenne"
"mo2p38" 79.9 49.463 75.15 -0.02 44.29 2.37 1.05 5.74 18.95 7.15 "mo" "Moyenne"
"mo2p39" 70.2 46.175 76.85 -2.53 41.93 2.28 1 6.23 20.42 7.18 "mo" "Moyenne"
"mo2p40" 71 47.425 78.6 -5.13 42.28 2.07 0.9 4.83 20.33 6.03 "mo" "Moyenne"
"mo3p01" 85.2 52.413 76.86 -0.97 37.41 1.65 0.74 6.89 14.95 7.22 "mo" "Forte"
"mo3p02" 71.5 49.438 79.26 -3.1 40.91 1.63 0.73 5.85 14.4 6.88 "mo" "Forte"
"mo3p03" 86.9 51.562 79.03 -0.58 40.77 1.71 0.73 7.11 14.44 7.05 "mo" "Forte"
"mo3p04" 60.8 43.588 79.79 -1.46 36.19 1.81 0.86 7.46 15.1 6.76 "mo" "Forte"
"mo3p05" 90.2 52 80.91 -2.11 35.02 1.79 0.79 6.93 15.36 7.41 "mo" "Forte"
"mo3p06" 73.7 49.3 79.27 -2.85 42.27 1.8 0.85 6.78 16.85 7.45 "mo" "Forte"
"mo3p07" 60.3 45.8 75.21 -2.32 45.15 1.73 0.75 4.67 18.34 7.94 "mo" "Forte"
"mo3p08" 73.2 49.275 78.21 -3.23 35.88 1.94 0.82 6.71 15.63 6.83 "mo" "Forte"
"mo3p09" 83.1 51.075 74.09 1.09 41.4 1.6 0.7 7.14 15.49 7.18 "mo" "Forte"
"mo3p10" 80.2 50.787 72.11 -1.24 30.01 1.61 0.66 6.61 14.81 6.92 "mo" "Forte"
"mo3p11" 75.4 48.238 77.78 -1.97 37.86 1.89 0.81 6.35 15.89 7.48 "mo" "Forte"
"mo3p12" 72.5 49.975 79.28 -0.62 34.86 1.84 0.76 6.96 15.91 6.9 "mo" "Forte"
"mo3p13" 64.8 47.988 80.65 -1.22 42.74 1.83 0.79 6.85 16.43 6.63 "mo" "Forte"
"mo3p14" 70.9 48.337 80.58 -2.12 38.88 1.81 0.77 6.74 14.12 6.67 "mo" "Forte"
"mo3p15" 55.7 44.388 80.24 -3.39 36.34 1.86 0.91 6.29 19.09 8.06 "mo" "Forte"
"mo3p16" 66.7 46.825 78.8 -1.04 38.76 1.91 0.86 7.35 16.76 6.73 "mo" "Forte"
"mo3p17" 72.9 48.825 73.33 0.3 37.95 1.76 0.82 5.89 16.28 6.52 "mo" "Forte"
"mo3p18" 79.1 49.75 76 -0.56 37.94 1.84 0.82 6.67 13.23 7.14 "mo" "Forte"
"mo3p19" 77.4 49.625 72.2 -0.65 33.78 1.58 0.66 7.11 14.62 6.47 "mo" "Forte"
"mo3p20" 67.4 47.575 77.24 -1.13 32.14 1.65 0.72 6.47 15.97 6.63 "mo" "Forte"
"mo3p21" 72.6 47.313 69.51 2.12 33.59 1.68 0.72 7.65 14.36 6.64 "mo" "Forte"
"mo3p22" 73.4 50 78.16 0.01 44.59 1.55 0.66 5.71 16.85 6.62 "mo" "Forte"
"mo3p23" 68.6 46.863 76.89 -0.49 41.78 1.5 0.72 6.17 14.05 6.11 "mo" "Forte"
"mo3p24" 75.6 49.375 76.74 -4.41 40.06 1.71 0.82 5.79 15.55 7.24 "mo" "Forte"
"mo3p25" 76 49.737 79.29 -2.45 40.35 1.84 0.9 5.96 16.34 7.28 "mo" "Forte"
"mo3p26" 72.4 49.463 77.16 -0.37 35.87 1.45 0.69 6.89 13.02 7.02 "mo" "Forte"
"mo3p27" 67.1 47.325 79.94 -1.01 37.28 1.73 0.78 6.65 15.63 6.57 "mo" "Forte"
"mo3p28" 69.5 48.75 75.95 0.58 35.36 1.63 0.85 6.7 14.38 6.57 "mo" "Forte"
"mo3p29" 72.7 49.725 76.09 3.08 40.1 1.73 0.9 7.22 10.95 6.1 "mo" "Forte"
"mo3p30" 77.7 49.838 72.92 0 33.23 1.66 0.79 6.54 13.54 6.18 "mo" "Forte"
"mo3p31" 81.4 52.05 71.28 -3.66 27.17 1.68 0.78 5.28 14.46 6.69 "mo" "Forte"
"mo3p32" 68.7 47.125 78.11 -0.61 40.78 1.92 0.93 5.6 14.28 6.75 "mo" "Forte"
"mo3p33" 69 47 77.91 -0.37 40.36 1.55 0.81 6.51 12.33 6.04 "mo" "Forte"
"mo3p34" 64.9 47.45 79.57 -2.23 33.18 1.56 0.87 6.2 13.13 6.05 "mo" "Forte"
"mo3p35" 60.3 45.988 76.96 -3.27 36.47 1.36 0.76 5.36 15.44 6.32 "mo" "Forte"
"mo3p36" 69.7 48.4 77.49 -3.35 33.29 1.49 0.77 6.05 11.82 5.94 "mo" "Forte"
"mo3p38" 77.7 50.575 76.65 -1.42 31.43 1.51 0.78 5.92 11.72 5.82 "mo" "Forte"
"mo3p39" 69.5 46.913 81.42 -3.82 34.05 1.6 0.76 5.64 13.5 6.16 "mo" "Forte"
"mo3p40" 92.2 52.125 80.33 -1.77 37.63 1.57 0.74 5.8 15.23 6.46 "mo" "Forte"
