"GENOTYPE" "SEX" "SplitFat" "SplitMuscle" "LV23Fat" "LR23Fat" "LR23Muscle" "LR34Fat" "LR34Muscle" "LMP"
"1" "P50" "M" 11.125 69.315 14.13 13.96 58.24 14.835 56.16 81.77519701
"2" "P50" "F" 8.765 83.625 13.39 7.38 71.085 8.375 68.205 87.28147554
"3" "P0" "F" 16.51 74.135 20.405 15.005 60.78 17.3 56.845 79.08368042
"4" "P50" "F" 10.365 67.44 15.06 8.85 62.805 11.97 57.925 84.08324662
"5" "P50" "M" 16.985 73.67 24.84 16.215 61.05 20.33 54.17 76.1352657
"6" "P0" "M" 16.42 59.895 21.715 14.655 57.815 17.275 51.035 77.45037494
"7" "P0" "F" 11.35 77.795 16.335 10.695 64.635 12.585 58.905 81.95656352
"8" "P0" "M" 16.98 76.18 19.105 13.605 63.975 15.37 61.24 80.05721915
"9" "P0" "F" 20.485 73.06 22.06 15.59 66.67 18.43 63.165 77.18161266
"10" "P0" "M" 19.015 72.63 17.905 13.04 57.195 14.54 56.71 79.37694704
"11" "P0" "F" 10.81 71.165 11.725 8.22 60.685 8 58.445 84.94915254
"12" "P50" "F" 15.63 77.08 17.82 11.26 74.95 14.655 67.75 81.78855627
"13" "P50" "M" 17.53 70.015 17.195 12.845 65.56 15.065 62.005 80.01438332
"14" "P50" "M" 12.86 68.43 16.035 12.625 62.635 13.77 58.25 81.96632717
"15" "P0" "M" 14.36 65.795 17.22 10.595 59.535 11.66 59.565 82.1773674
"16" "P0" "F" 11.16 77.455 13.83 11.57 61.91 13.14 59.025 84.90617537
"17" "P0" "M" 15.735 75.96 18.9 12.34 66.785 14.725 63.735 82.0656045
"18" "P25" "F" 20.045 67.955 18.84 11.14 62.235 13.05 62.615 81.05352591
"19" "P25" "M" 19.395 71.21 21.23 18.975 57.43 22.195 57.12 77.27622932
"20" "P0" "M" 14.54 72.635 13.8 11.05 62.48 12.05 59.685 82.14153084
"21" "P0" "F" 13.32 69.915 14.565 9.145 63.17 10.425 62.16 82.58537607
"22" "P50" "F" 12.975 69.49 14.045 10.65 60.46 11.79 60.83 81.28863735
"23" "P0" "F" 17.11 75.1 15.62 13.92 66.19 15.295 65.025 80.74176776
"25" "P0" "F" 18.21 70.35 18.69 15.35 59.845 17.38 56.825 77.08308664
"26" "P50" "M" 14.065 64.92 14.51 14.455 56.27 16.745 55.89 80.73523337
"27" "P0" "F" 15.19 76.47 18.01 11.105 67.59 11.345 61.665 82.02426343
"28" "P25" "M" 12.315 80.96 15.29 10.4 70.15 12.035 69.395 82.83843636
"29" "P0" "F" 10.125 68.59 10.405 6.22 61.095 7.96 56.065 87.72287062
"30" "P0" "M" 15.29 73.01 17.76 13.195 65.815 15.63 61.5 79.7053624
"31" "P0" "F" 12.975 69.545 16.375 14.13 66.58 15.44 61.22 80.66153526
"32" "P0" "F" 11.85 74.5 18.515 13.15 61.355 15.54 60.825 80.96066829
"33" "P50" "F" 15.125 80.67 18.945 10.81 71.92 12.225 69.25 81.8023025
"34" "P25" "M" 14.87 63.015 13.355 10.04 59.01 10.805 56.245 80.60428032
"35" "P25" "M" 17.91 65.75 18.03 15.745 56.81 18.605 54.58 78.74565884
"36" "P0" "F" 14.805 74.06 17.225 12.615 58.365 12.68 59.22 81.2244898
"37" "P0" "M" 13.525 68.135 14.32 10.115 61.75 11.105 57.37 82.94221352
"38" "P50" "M" 15.535 68.595 15.15 12.9 57.01 13.935 53.13 81.83609494
"39" "P0" "F" 9.415 74.21 14.245 9.61 57.4 9.345 53.915 85.60680128
"40" "P0" "F" 17.395 70.82 15.415 10.425 64.135 12.255 58.32 82.66942149
"42" "P50" "F" 17.145 70.765 15.31 12.905 57.58 14.125 52.65 79.86685495
"43" "P25" "M" 14.985 71.035 17.27 10.985 58.785 10.81 57.665 83.93620877
"44" "P0" "M" 11.51 75.545 14.03 12.365 59 13.025 54.37 82.88443171
"45" "P50" "F" 13.35 65.47 13.205 10.65 53.305 10.455 55.495 82.4764735
"46" "P0" "F" 15.275 66.225 15.49 13.24 61.01 14.43 59.005 79.19239905
"47" "P0" "M" 19.45 69.605 22.25 18.82 52.145 18.205 51.52 74.85333888
"48" "P0" "M" 8.82 67.775 11.46 8.515 64.695 12.28 61.105 84.0329541
"49" "P0" "F" 13.6 76.955 16.355 9.835 62.705 10.32 64.775 84.4182262
"50" "P25" "M" 11.225 74.315 16.86 13.04 73.825 14.42 70.14 80.57556699
"51" "P50" "F" 11.37 79.855 15.33 10.23 64.575 13.235 64.225 82.72037361
"52" "P0" "F" 14.395 74.775 17.34 10.6 57.575 13.07 54.43 80.54968288
"53" "P0" "M" 23.08 66.625 28.055 24.26 46.935 25.3 44.43 70.20833333
"54" "P0" "F" 12.835 81.845 13.665 9.705 61.52 11.665 57.015 84.74895856
"55" "P50" "M" 15.2 68.215 16.23 11.32 57.97 11.115 56.31 82.99493414
"56" "P0" "M" 12.4 64.765 15.005 11.965 50.415 13.05 48 80.41461007
"57" "P50" "F" 12.36 78.185 11.64 9.37 65.05 9.965 60.375 87.26635945
"58" "P0" "M" 22.215 81.595 20.715 15.03 66.215 15.905 66.085 78.92118972
"59" "P0" "M" 14.515 64.9 15.65 12.91 59.345 14.12 57.94 80.3992273
"60" "P0" "M" 9.065 73.68 13.46 8.73 62.52 10.6 59.73 85.31614487
"61" "P0" "F" 15.425 80.22 16.06 10 64.465 12.72 58.53 84.17168675
"62" "P25" "M" 21.95 79.17 25.965 22.435 65.44 21.62 59.905 74.7588575
"63" "P0" "M" 13.645 73.57 18.47 12.08 57.97 13.77 59.46 80.62150164
"64" "P0" "M" 11.78 73.025 15.715 13.01 61.37 14.385 58.425 80.63947078
"67" "P0" "F" 17.715 81.35 18.73 15.475 66.03 16.59 66.095 79.18565558
"68" "P50" "F" 17.745 76.76 15.525 11.195 66.38 12.41 60.79 82.05063746
"69" "P0" "F" 10.255 74.825 15.61 12.435 58.715 12.325 52.205 80.15767132
"70" "P0" "F" 17.545 75.04 17.26 13.49 57.37 14.095 55.815 81.68753402
"71" "P50" "M" 11.22 74.105 14.65 10.985 60.035 12.52 57.39 80.78060805
"72" "P50" "F" 17.835 65.015 14.45 10.795 66.655 13.635 66.615 80.64352244
"73" "P50" "F" 9.945 68.44 10.33 7.385 59.555 8.355 52.725 86.44742184
"74" "P50" "M" 13.31 64.775 12.375 10.175 63.45 10.28 62.575 81.23512239
"75" "P0" "F" 7.395 71.085 9.035 7.725 53.305 9.17 51.45 88.69546152
"76" "P50" "M" 14.76 82.235 14.78 13 72.96 14.64 72.56 81.66666667
"77" "P0" "F" 13.17 86.015 13.665 7.63 67.94 9.16 64.095 85.32667499
"78" "P0" "F" 15.92 70.44 16.65 12.575 67.15 14.18 62.92 79.43964609
"79" "P0" "M" 16.5 78.02 19.785 17.545 60.69 19.075 60.47 78.16873538
"80" "P50" "F" 13.2 74.925 12.49 8.14 67.86 10.155 66.195 84.9897583
"81" "P50" "M" 17.095 71.305 14.125 12.25 64.035 12.59 64.5 79.97242466
"82" "P0" "M" 17.4 70.805 25.7 18.355 56.885 18.19 57.21 77.30259575
"83" "P50" "F" 7.885 69.165 12.285 9.415 59.105 9.42 60.47 85.9982862
"84" "P50" "F" 16.465 77.535 16.885 13.895 62.095 14.64 58.33 80.04154549
"85" "P50" "F" 13.53 78.89 13.95 10.83 75.645 10.885 69.145 85.59410739
"86" "P0" "M" 13.12 72.055 18.03 14.54 64.805 16.03 60.735 82.19388712
"87" "P50" "F" 17.085 77.115 19.085 10.965 68.25 11.565 67.135 82.57528557
"88" "P0" "M" 19.91 74.855 22.825 17.645 58.735 17.765 56.44 76.21709194
"89" "P0" "F" 12.46 78.92 12.47 10.555 60.4 12.125 60.88 83.70424067
"90" "P0" "F" 11.13 63.965 14.14 10.95 55.97 11.71 54.58 81.68139588
"91" "P25" "F" 8.31 77.93 13.33 8.75 69.72 9.285 68.335 86.61047562
"92" "P50" "F" 11.43 75.84 14.86 11.87 73.435 13.69 69.555 81.49040271
"93" "P25" "M" 16.95 74.34 16.55 13.6 65.97 13.69 65.31 80.68759342
"94" "P25" "F" 12.76 78.77 15.335 10.555 62.81 11.36 63.72 82.0485397
"95" "P0" "M" 19.115 72.98 17.665 16.775 68.17 17 67.425 77.72263358
"96" "P50" "M" 22.24 62.2 22.685 19.27 54.085 22.47 52.29 75.33033033
"98" "P0" "F" 17.225 71.805 20.35 11.465 58.685 12.58 60.6 80.36606967
"99" "P50" "F" 16.24 66.11 18.02 16.3 64.995 18.79 62.485 80.49486106
"100" "P50" "F" 13.165 75.3 13.89 9.895 66.91 11.55 63.67 82.76088743
"101" "P50" "F" 14.425 68.595 12.625 9.96 66.07 11.505 65.115 83.125
"102" "P50" "F" 9.2 74.59 13.095 8.455 61.98 9.89 56.97 86.70844084
"103" "P25" "F" 12.08 73.89 16.495 9.925 58.285 11.29 53.18 82.58631782
"104" "P0" "F" 14.945 78.515 13.69 12.065 65.875 13.38 63.185 81.50039277
"105" "P50" "M" 12.725 63.95 16.86 11.985 60.695 11.685 57.285 79.68109339
"106" "P50" "F" 20.115 74.695 14.15 11.475 62.135 12.855 58.03 80.36986568
"107" "P25" "M" 15.755 74.82 18.33 13.825 59.205 14.505 63.02 81.30352406
"108" "P25" "M" 20.49 76.535 25.2 20.3 65.71 22.15 66.795 77.27863248
"109" "P0" "M" 13.89 75.32 18.78 13.1 64.875 16.62 60.705 82.66218844
"110" "P0" "F" 10.23 78.875 14.22 10.49 62.815 10.585 60.13 83.86004944
"111" "P0" "F" 9.58 74.115 14.195 10.135 53.81 10.46 55.505 84.19161677
"112" "P50" "M" 10.72 70.4 13.575 9.925 62.28 11.02 56.7 85.53048667
"113" "P50" "F" 10.28 77.26 10.34 6.575 59.64 8.965 56.705 87.56370139
"114" "P0" "F" 15.22 80.155 14.195 9.91 64.755 11.28 60.23 83.42342342
"115" "P0" "M" 15.33 70.615 14.665 12.135 62.285 14.135 56.62 83.15880571
"116" "P0" "M" 22.385 63.28 25.265 15.105 52.855 16.18 53.505 74.69316445
"117" "P0" "M" 16.885 65.315 21.47 16.73 56.8 18.12 56.795 76.64494508
"118" "P50" "F" 19.53 74.09 15.655 10.28 72.96 11.185 71.565 81.98337051
"119" "P50" "M" 18.8 75.665 17.895 13.83 68.895 17.05 61.86 76.91854036
"120" "P0" "M" 16.765 74.87 16.73 13.65 69.445 13.68 67.895 80.4709689
"121" "P0" "F" 7.29 70.25 8.9 6.315 60.875 6.715 55.115 87.97819388
"122" "P0" "M" 11.245 67.43 15.66 15.045 46.025 15.675 48.105 81.2764244
"123" "P50" "M" 17.585 77.445 19.38 15.03 68.285 16.705 67.405 80.51849028
"124" "P0" "M" 14.665 65.055 19.415 13.91 56.595 14.225 55.88 78.50356779
"125" "P50" "F" 12.04 76.11 14.985 10.555 67.98 10.86 64.535 81.74681906
"126" "P0" "M" 11.225 68.025 12.205 9.715 65.215 10.375 65.34 83.79925342
"127" "P50" "F" 12.72 79.315 11.455 7.735 62.265 8.405 65.27 83.93175957
"128" "P50" "M" 15.91 71.275 13.7 9.64 65.67 10.57 67.9 83.02568218
"129" "P50" "F" 9.64 88.87 12.805 10.04 73.47 10.41 71.095 86.91082219
"130" "P50" "M" 21.95 68.465 18.725 17.85 57.735 19.67 57.865 74.57204981
"131" "P0" "M" 18.935 73.05 28.225 20.28 57.055 20.185 60.45 74.02029664
"132" "P50" "F" 13.965 70.84 11.865 8.21 63.85 7.435 59.575 84.48960739
"133" "P25" "M" 23.89 66.54 22.565 16.03 63.355 17.265 60.935 77.19642857
"134" "P50" "M" 19.04 75.37 19.085 13.8 65.23 13.71 62.87 80.03282874
"135" "P50" "F" 9.675 76.45 11.495 7.11 68.485 8.575 69.59 86.11656843
"136" "P50" "F" 13.53 68.34 16.53 11.865 66.095 13.64 65.7 81.6638796
"137" "P50" "M" 20.825 66.64 20.42 14.825 66.995 16.375 66.415 78.7953668
"138" "P50" "M" 14.365 79.62 13.595 10.365 70.71 11.865 69.155 83.12326742
"139" "P50" "F" 13.68 75.75 14.445 12.905 78.065 14.585 79.225 83.32137733
"140" "P25" "M" 16.03 63.695 15.48 14.415 57.335 14.865 58.88 78.69881522
"141" "P25" "F" 10.935 76.935 13.385 9.935 63.495 10.45 64.03 85.35748332
"142" "P0" "M" 22.54 78.775 25.11 20.57 66.22 24.63 64.24 75.1130036
"143" "P0" "M" 24.415 73.435 24.895 21.63 64.74 22.675 65.36 73.25227964
"144" "P0" "M" 22.635 69.08 23.895 19.67 64.35 21.235 66.63 75.52194211
"145" "P50" "M" 21.235 66.53 16.785 15.135 57.66 16.535 56.895 76.17669459
"146" "P50" "F" 15.87 72.645 17.23 12.515 62.34 14.045 61.315 80.74960128
"147" "P50" "M" 23.4 63.635 15.79 13.14 64.705 14.235 61.435 78.75394322
"148" "P0" "M" 13.475 77.825 16.435 12.565 59.435 13.835 61.205 80.33642034
"149" "P50" "M" 11.065 60.3 13.02 11.005 57.69 11.65 54.095 83.41501061
"150" "P0" "M" 12.945 70.94 23.085 15.11 57.115 16.81 55.305 78.46688382
"151" "P0" "M" 17.88 74.765 15.535 12.995 62.095 13.47 62.98 81.25212947
"152" "P50" "F" 14.79 60.17 10.55 7.605 55.235 8.38 54.155 81.97272727
"153" "P50" "M" 8.945 68.885 11.075 8.68 59.16 10.845 56.11 83.93619143
"154" "P50" "F" 18.165 81.85 19.27 12.19 61.78 13.63 61.025 81.51757188
"155" "P50" "F" 16.545 81.635 15.305 10.28 65.305 11.765 61.305 83.74193548
"156" "P50" "M" 12.34 67.685 13.04 8.855 62.29 10.84 63.52 82.933213
"157" "P50" "M" 15.965 64.76 15.745 12.635 66.195 13.72 62.53 80.43270151
"158" "P25" "F" 15.845 80.94 16.26 9.87 69.295 12.055 70.155 84.04770779
"159" "P25" "M" 11.79 87.39 17.53 11.93 65.46 13.94 67.28 82.06278027
"160" "P25" "M" 9.34 72.115 13.605 9.33 61.545 10.85 60.135 83.48301445
"161" "P25" "M" 12.53 67.42 15.255 10.25 58.21 10.885 58.96 81.15166261
"162" "P50" "M" 18.065 72.405 19.975 13.145 59.655 12.965 58.57 79.06907545
"163" "P25" "M" 19.41 73.57 25.915 22.55 61.69 22.03 57.12 73.37780248
"164" "P25" "F" 5.74 75.77 10.625 6.95 69.86 8.06 67.72 88.28358209
"165" "P25" "F" 12.67 74.02 16.605 12.64 64.3 12.635 65.7 81.29996524
"166" "P25" "M" 19.26 68.625 18.905 13.475 62.895 15.62 62.755 78.65245527
"167" "P25" "F" 17.645 69.945 17.45 13.61 67.085 13.245 64.635 78.4503632
"168" "P25" "F" 19.4 69.345 15.47 12.915 68.41 13.94 65.705 80.91629349
"169" "P25" "F" 11.12 83.285 18.255 13.595 66.725 15.81 60.58 82.32108984
"170" "P25" "F" 14.26 65.66 13.91 12.6 59.335 13.26 58.2 80.58848256
"171" "P25" "M" 11.39 65.175 13 9.97 57.04 11.065 58.21 85.08565072
"172" "P25" "F" 14.53 83.45 22.305 15.65 71.775 17.83 66.295 79.40092166
"173" "P25" "F" 17.78 77.265 19.905 13.315 71.245 14.06 69.365 80.71005917
"174" "P50" "M" 16.65 74.62 18.065 13.835 68.12 13.555 62.545 82.79030911
"175" "P50" "M" 22.625 73.29 18.85 15.155 65.945 16.185 64.63 76.19554504
"176" "P50" "M" 14.47 67.42 16.1 13.085 65.96 13.95 64.575 80.02679426
"178" "P25" "F" 15.58 74.785 19.125 14.375 66.915 15.29 67.755 80.06299796
"179" "P25" "F" 13.525 69.385 14.615 9.41 62.235 9.61 58.155 81.96396032
"180" "P25" "M" 18.225 77.38 20.82 16.53 58.83 18.71 58.44 78.22029822
"181" "P25" "F" 10.25 76.63 12.9 9.93 66.135 10.6 67.235 83.81982621
"182" "P0" "F" 12.205 70.32 16.405 10.78 61.285 10.365 52.045 82.5638727
"183" "P0" "M" 22.42 63.52 23.83 18.98 60.885 17.55 58.84 70.76780071
"184" "P25" "M" 18.87 70.06 19.1 15.77 61.89 15.91 58.99 76.07250755
"185" "P25" "F" 11.76 80.435 12.44 10.99 65.01 11.26 63.4 82.79169093
"186" "P25" "F" 13.17 65.265 15.03 13.985 52.755 15.02 50.045 78.0233326
"187" "P25" "M" 19.265 66.495 18.34 17.07 56.33 18.31 55.1 75.8056872
"188" "P25" "F" 9.595 76.625 14.27 7.49 63.81 8.745 59.755 85.5566905
"189" "P25" "F" 8.97 77.025 13.115 9.015 71.815 9.46 67.73 84.43602238
"190" "P25" "M" 12.21 84.255 12.7 10.62 70.07 10.6 65.825 82.74704311
"191" "P25" "F" 13.625 74.62 17 10.92 63.43 12.26 64.17 82.0066335
"192" "P25" "M" 14.335 72.535 17.495 13.545 58.125 14.245 57.67 79.07575438
"193" "P25" "M" 12.855 64.025 14.54 12.19 62.9 13.65 57.215 81.59595173
"194" "P25" "F" 12.685 68.545 16.695 14.38 62.995 15.29 60.445 79.38291139
"195" "P0" "F" 14.045 78.76 16.34 11.78 64.775 13.905 62.005 81.20966184
"196" "P25" "F" 15.095 75.515 14.675 12.645 65.42 12.815 66.04 82.46098004
"197" "P25" "F" 11.345 85.58 14.945 10.6 72.64 9.745 71.14 83.18994512
"198" "P25" "M" 18.935 72.685 20.335 15.445 67.41 14.34 69.025 78.56972586
"199" "P25" "F" 19.14 80.89 20.315 15.2 70.005 14.245 68.715 77.10735243
"200" "P25" "M" 12.48 66.885 15.16 12.08 59.485 13.34 56.065 79.4979393
"201" "P25" "F" 12.38 71.76 13.435 9.05 66.87 9.285 63.09 84.8381877
"202" "P25" "M" 10.76 84.92 12.345 10.53 62.245 10.345 55.725 84.17582418
"203" "P0" "F" 12.615 69.965 16.04 11.14 65.7 13.54 58.225 80.15008659
"204" "P0" "F" 11.325 73.42 15.675 9.745 57.425 10.895 57.175 83.63259669
"205" "P25" "M" 15.62 68.185 19.195 14.315 65.59 14.01 60.53 80.2173913
"206" "P25" "F" 16.13 72.75 19.93 18.6 64.965 19.72 60.275 75.06027821
"207" "P25" "F" 13.335 72.345 15.685 12.09 61.175 13.815 58.09 81.38067061
"208" "P25" "M" 20.755 74.75 23.135 15.995 63.215 17.775 61.755 76.17397715
"209" "P25" "F" 8.365 75.255 11.805 6.415 68.78 8.9 62.93 87.18685832
"210" "P25" "M" 11.64 74.105 14.425 10.68 60.2 10.84 59.635 80.98087483
"211" "P25" "F" 5.255 74.62 9.16 6.38 67.59 7.005 67.295 87.06073166
"212" "P25" "M" 14.91 77.695 19.84 17.46 65.755 18.455 64.705 80.56643357
"213" "P25" "F" 16.215 69.73 16.525 11.72 63.25 13.035 60.84 80.74282273
"214" "P25" "M" 10.755 65.05 15.16 11.815 63.225 11.975 62.65 80.32683599
"215" "P25" "F" 16.98 80.16 13.28 10.73 68.13 12.355 68.985 83.02897758
"216" "P25" "F" 13.15 74.245 15.06 10.78 64.665 11.585 61.37 82.83394235
"217" "P25" "F" 14.4 64.825 14.88 11.445 64.28 11.835 63.51 79.54656174
"218" "P25" "M" 19.88 76.785 26.14 19.39 51.72 19.305 49.84 73.28881469
"219" "P0" "F" 14.275 73.845 19.565 13.255 61.88 12.875 62.615 80.6749285
"220" "P25" "F" 12.295 75.26 15.235 11.255 64.33 13.43 59.71 82.76820456
"221" "P25" "M" 19.18 64.175 22.86 17.37 52.945 17.275 52.1 74.52974671
"222" "P25" "M" 16.72 80.895 12.97 12.45 67.925 12.035 69.56 82.45558626
"223" "P25" "F" 7.39 82.95 13.52 8.425 68.855 10.17 63.67 86.41769398
"224" "P25" "M" 12.14 64.7 14.46 11.035 60.995 12.865 63.32 81.71006766
"225" "P25" "M" 14.475 79.425 20.38 14.995 65.715 15.085 64.175 79.51789627
"226" "P25" "M" 20.71 73.825 16.49 13.29 63.78 14.24 64.175 80.09964413
"227" "P25" "F" 11.1 78.585 12.845 8.585 73.96 9.385 72.395 85.56555497
"228" "P25" "M" 14.54 80.495 26.695 16.75 66.51 17.865 68.65 77.61871013
"229" "P25" "F" 9.3 77.54 14.72 9.295 71.795 11.57 69.225 83.05047144
"230" "P25" "M" 14.69 58.98 19.065 15.365 60.85 16.86 56.92 77.48016257
"231" "P25" "M" 14.645 70.665 17.15 12.165 73.81 12.54 66.73 81.51805453
"232" "P25" "M" 14.815 68.045 16.19 13.79 63.005 15.31 62.595 80.58229814
"233" "P25" "F" 15.375 79.62 16.61 12.245 75.155 15.84 67.525 82.32217225
"234" "P25" "F" 7.055 74.775 11.36 9.89 66.79 9.635 64.475 87.20699245
"235" "P25" "F" 13.075 84.89 14.96 11.42 67.53 14.52 62.8 80.74311339
"236" "P25" "M" 14.54 75.83 19.21 16.52 65.635 16.105 68.15 77.10818308
"237" "P25" "M" 12.05 72.545 15.37 13.31 65.08 15.335 65.28 82.48781368
"238" "P25" "F" 9.63 74.4 11.755 8.16 69.365 8.1 70.79 84.85973923
"239" "P25" "M" 13.315 59.85 15.815 13.845 57.555 14.875 56.82 79.25824801
"240" "P25" "F" 15.015 74.31 14.695 11.13 63.315 12.52 60.5 82.58859784
"241" "P25" "M" 18.165 74.88 22.185 16.865 65.35 16.36 64.88 77.58483034
"242" "P25" "F" 17.665 77.81 15.62 10.685 69.27 11.58 66.19 80.51971009
"243" "P25" "M" 14.61 75.18 19.33 16.47 63.12 18.205 58.4 78.45989305
"244" "P25" "F" 17.385 84.62 17.825 11.17 66.45 11.52 67.445 82.89371737
"245" "P25" "M" 14.19 81.405 14.47 11.87 63.805 12.255 66.815 81.81956604
"246" "P0" "F" 11.985 72.38 14.815 10.125 62.505 10.7 58.81 80.67505492
"247" "P0" "M" 16.75 72.94 20.92 13.04 60.145 13.27 61.695 78.90982776
"248" "P0" "M" 22.415 72.545 22.56 20.05 57.97 20.17 60.13 73.33333333
"249" "P0" "F" 18.92 68.275 16.55 12.57 66.03 14.17 64.065 80.79340141
"250" "P0" "F" 11.31 69.84 14.9 9.43 68.86 11.945 63.985 83.35456476
"251" "P25" "M" 14.65 66.64 14.47 10.87 64.015 14.065 59.135 81.82101167
"252" "P25" "F" 11.015 76.905 11.19 7.63 66.885 8.78 61.67 86.44292521
"253" "P50" "M" 15.72 72.615 20.23 16.44 61.95 17.44 62.765 77.63525477
"254" "P50" "M" 15.425 71.71 17.04 14.81 57.32 17.525 56.71 80.03163842
"255" "P50" "F" 8.215 68.615 11.125 7.91 57.295 9.705 53.92 85.42529856
"256" "P50" "F" 13.03 71.045 13.355 8.32 64.48 9.05 63.525 84.28571429
"257" "P50" "F" 10.79 71.07 11.365 9.1 67.3 11.08 63.945 86.28667933
"258" "P50" "F" 11.71 75.53 12.19 8.89 66.135 10.62 66.165 85.93297476
"259" "P50" "M" 19.63 75.66 18.99 14.15 65.52 15.6 62.955 79.62236209
"260" "P50" "F" 9.225 70.645 13.93 8.44 57.985 10.245 57.785 84.55945252
"261" "P50" "M" 12.62 85.37 18.02 11.615 69.33 12.45 66.095 81.77062374
"262" "P50" "M" 16.47 74.995 19.72 15.33 65.535 14.285 66.09 78.33803953
"263" "P50" "F" 7.725 67.76 11.815 8.17 60.135 8.185 58.405 84.10168031
"264" "P50" "M" 15.815 68.13 18.74 13.22 59.715 14.875 59.3 78.43343052
"265" "P50" "M" 24.465 72.815 19.625 18.945 67.77 18.13 65.945 77.40868617
"266" "P50" "F" 11.79 65.265 13.48 10.055 70.4 10.545 67.62 83.70634921
"267" "P50" "M" 17.16 71.89 14.995 12.43 60.44 12.7 60.57 82.75449102
"268" "P25" "M" 14.91 71.105 12.1 10.865 66.615 13.43 66.77 82.59785784
"269" "P25" "F" 16.275 76.095 16.965 11.465 63.91 12.89 63.635 82.27511376
"270" "P50" "M" 19.505 72.615 24.2 16.73 61.285 17.855 64.025 78.47331026
"271" "P50" "M" 18.07 71.85 20.66 18.815 65.07 20.205 67 78.57395404
"272" "P50" "F" 15.095 81.65 14.62 10.315 64.595 10.855 62.69 82.8470255
"273" "P50" "M" 19.92 72.03 22.45 20.72 58.155 18.835 56.735 77.26379441
"274" "P50" "F" 11.43 72.69 13.19 9.465 58.11 10.88 54.295 85.38256228
"275" "P50" "F" 18.25 68.39 23.23 17.125 63.52 17.04 62.945 74.46202532
"276" "P50" "M" 14.21 74.725 19.225 14.695 59.485 14.835 60.1 79.05840985
"277" "P50" "F" 8.71 78.8 11.495 7.715 70.9 8.88 66.46 86.63360671
"278" "P50" "M" 26.35 65.025 19.34 16.26 63.635 20.705 64.485 75.7771261
"279" "P25" "M" 13.445 65.19 18.965 12.4 60.79 13.27 61.975 82.00628272
"280" "P25" "F" 12.88 65.905 16.665 14.04 57.025 14.375 58.35 78.1795302
"281" "P25" "F" 12.82 71.215 11.085 9.785 61.615 9.545 61.165 84.95212038
"282" "P25" "F" 15.225 73.635 20.52 12.955 60.775 14.27 59.57 81.00779616
"283" "P25" "M" 14.88 70.83 17.025 13.36 69.51 12.6 65.775 82.1468491
"284" "P25" "F" 9.455 72.125 14.77 11.195 56.825 13.95 53.16 84.21181263
"285" "P25" "M" 14.995 56.55 17.98 14.735 53.995 13.185 59.23 78.45043515
"286" "P25" "M" 11.52 70.315 15.18 11.7 61.1 12.095 59.615 81.54340836
"287" "P25" "F" 15.31 67.045 16.575 9.765 59.995 11.55 56.43 82.05461638
"288" "P25" "F" 7.605 74.08 12.34 8.97 65.39 10.105 62.68 85.79324463
"289" "P25" "M" 14.275 71.095 14.74 12.705 54.81 12.54 59.97 82.05263158
"290" "P25" "F" 13.96 76.59 17.92 11.73 68.725 12.835 65.01 81.07726597
"291" "P25" "M" 14.695 69.355 17.525 12.73 61.375 12.9 59.735 81.04402026
"292" "P25" "F" 15.415 76.34 16.18 12.565 62.675 13.58 63.32 81.30274159
"293" "P25" "M" 17.72 80.52 19.455 14.585 62.24 15.575 62.7 79.63752665
"294" "P25" "F" 11.87 66.28 14.315 9.375 59.455 9.34 63.27 84.96473907
"295" "P50" "M" 11.075 74.16 17.845 11.735 56.335 13.225 58.795 81.13290721
"296" "P50" "M" 15.03 77.09 15.21 12.55 64.18 14.24 60.65 83.3873553
"297" "P50" "M" 11.09 77.945 14.18 10.18 57.885 12.49 56.355 83.47171269
"298" "P25" "M" 19.7 75.92 20.42 16.315 61.88 17.805 63.16 77.35862311
"299" "P25" "M" 10.96 71.2 13.965 9.195 59.69 10.25 61.81 83.39874739
"300" "P25" "F" 13.455 73.49 15.085 9.15 61.01 11.675 59.235 81.47527911
"301" "P25" "M" 14.435 77.28 16.485 11.965 70.9 12.885 67.405 82.18643765
"302" "P25" "F" 11.485 67.91 13.1 7.99 56.76 8.95 53.02 85.62586605
"303" "P25" "M" 16.585 69.33 19.41 12.78 62.34 13.86 60.31 80.1180061
"304" "P25" "F" 18.27 73.175 18.56 14.14 62.285 15.755 57.975 78.32504146
"305" "P25" "F" 14.85 70.57 15.06 13.225 59.34 12.875 57.865 80.72136346
"306" "P25" "M" 14.185 80.36 14.53 11.26 67.605 12.385 60.155 84.87629839
"307" "P25" "F" 14.635 68.54 20.535 15.995 67.1 17.26 66.195 78.74158168
"308" "P50" "F" 8.455 77.575 9.805 8.07 67.815 8.11 64.27 87.74375324
"309" "P50" "M" 15.77 72.495 14.79 11.705 60.48 12.835 57.81 84.57805747
"310" "P50" "F" 13.38 78.655 13.86 9.74 66.25 11.32 64.14 83.53179236
"311" "P50" "M" 14.715 68.595 16.925 12.385 58.825 13.285 61.87 79.71873812
"312" "P50" "F" 13.925 73.885 15.31 11.035 65.115 12.11 65.51 83.59430325
"313" "P50" "M" 18.935 59.735 19.59 15.265 60.995 12.905 64.1 79.01841391
"314" "P50" "M" 19.635 70.6 21.96 18.12 59.13 17.465 60.33 75.64141491
"315" "P50" "F" 17.675 78.515 17.72 16.595 65.425 18.25 65.67 79.4674195
"316" "P50" "M" 13.395 75.785 17.43 13.215 65.65 14.205 59.405 81.73269616
"317" "P50" "F" 17.315 71.555 15.23 10.74 52.895 11.705 53.25 79.66115369
"318" "P50" "M" 16.155 71.02 15.66 11.95 58.52 12.185 59.225 82.91709886
"319" "P50" "M" 12.51 81.255 14.955 13.995 67.83 14.2 62.48 81.78873758
"320" "P50" "F" 11.92 77.09 13.47 11.12 60.89 12.515 58.705 83.82908404
"321" "P50" "M" 15.735 74.115 19.27 15.065 66.215 17.14 65.755 80.28553096
"322" "P50" "F" 8.46 87.48 9.62 6.525 70.445 7.2 69.06 88.1469375
"323" "P50" "M" 13.855 69.705 14.16 10.99 64.09 10.965 62.335 81.69188787
"324" "P50" "M" 21.51 74.545 18.515 14.905 69.105 16.94 64.51 77.6146789
"325" "P25" "F" 16.41 75.865 16.22 10.615 70.415 11.95 64.44 80.73938841
"326" "P25" "M" 14.225 69.98 18.075 15.745 57.645 16.01 60.52 79.59234402
"327" "P50" "M" 22.81 72.24 27.535 19.71 65.41 21.335 63.955 75.63424947
"328" "P50" "F" 21.325 70.77 19.975 15.98 60.12 15.13 57.57 77.943187
"329" "P50" "M" 16.01 67.475 16.835 11.575 66.8 12.505 65.955 82.8243073
"330" "P50" "F" 9.99 72.895 12.68 9.06 74.22 8.36 70.14 86.64753917
"331" "P25" "F" 12.34 76.16 15.57 8.975 75.515 9.335 71.825 82.90151335
"332" "P50" "M" 11.42 75.79 17.12 15.355 65.805 14.4 61.92 79.95349851
"333" "P50" "F" 13.47 72.565 13.975 8.96 71.445 9.73 69.875 82.34075211
"334" "P50" "F" 15.62 85.17 12.7 9.605 69.495 8.76 67.885 84.45501926
"335" "P50" "F" 12.065 75.42 17.595 11.28 55.135 11.355 53.67 81.07059109
"336" "P50" "M" 17.145 76.74 17.285 12.395 64.85 14.405 63.19 81.98680097
"337" "P50" "F" 16.04 70.22 12.875 9.6 71.68 12.23 64.82 82.4507588
"338" "P25" "F" 16.1 69.29 16.365 9.585 64.345 10.87 62.995 81.9284802
"339" "P25" "M" 17.28 63.69 19.495 13.37 54.77 15.34 52.495 77.41757809
"340" "P50" "F" 13.81 74.415 20.26 13.6 63.65 14.115 61.74 78.67602657
"341" "P50" "M" 8.13 64.22 13.2 10.345 62.795 11.32 63.08 84.60401634
"342" "P50" "F" 11.45 72.435 13.74 8.795 74.305 10.11 72.1 83.67588348
"343" "P50" "M" 12.15 69.565 17.865 11.01 56.3 12.525 55.77 81.55158816
"344" "P50" "M" 14.385 70.82 13.7 9.67 61.16 9.84 58.78 83.69283865
"345" "P50" "F" 18.435 80.77 18.68 12.365 74.155 15.16 67.46 81.06443667
"346" "P50" "F" 6.36 67.215 10.415 6.805 58.51 7.405 58.175 87.23998459
"347" "P50" "F" 14.125 80.16 12.86 9.48 60.455 11.025 59.865 83.45990887
"348" "P50" "M" 13.455 73.295 20.525 14.67 63.675 15.725 60.655 79.1377563
"349" "P25" "F" 14.695 73.965 18.355 14.385 64.405 14.785 63.76 80.31437126
"350" "P25" "F" 15.55 69.345 15.875 12.07 62.69 13.25 62 82.99731183
"351" "P50" "M" 12.02 68.06 15.205 11.045 55.44 11.08 56.525 83.20025298
"352" "P25" "M" 13.785 71.39 15.845 11.71 61.385 12.76 59.78 79.37947494
"353" "P25" "M" 19.185 70.715 17.7 13.925 57.595 15.05 55.82 78.04388133
"354" "P25" "F" 10.92 74.88 12.275 9.155 72.545 10.45 70.42 85.92432583
"355" "P25" "M" 8.59 75.59 14.985 10.035 70.51 9.78 69.275 84.24583424
"356" "P25" "M" 13.93 74.665 15.335 13.97 64.53 16.02 61.755 80.16461516
"357" "P25" "F" 12.755 77.055 14.44 10.91 70.89 12.44 65.72 82.08923663
"358" "P25" "M" 12.805 74.695 16.805 11.13 58.5 10.93 59.935 81.47623019
"359" "P25" "M" 15.86 78.28 15.03 13.01 67.35 13.99 68.77 79.56247683
"360" "P25" "M" 13.01 76.12 15.885 11.665 54.795 12.885 54.69 81.16736537
