"No_ordre" "No_Bague_droite" "Lignée" "Régime" "Lot" "PoidsVif_S9_g" "GrasAbdo_g" "Gras_arrière2cuisse_g" "Foie_g" "Cœur_g" "PectMajor_g" "plasma_AcUrique" "plasma_B.OH" "plasma_Urée" "plasma_Chol_total" "plasma_PPL" "plasma_TG" "plasma_T3" "plasma_T4" "plasma_Insuline" "foie_C14" "foie_C16" "foie_C16.1" "foie_C18" "foie_C18.1" "foie_C18.2" "foie_C18.3" "foie_C20" "foie_C20.1" "foie_C20.4" "foie_C20.5" "foie_C22.5" "foie_C22.6" "foie_AGS" "foie_AGMI" "foie_AGPI" "foie_n.6" "foie_n.3" "foie_n6ONn3" "foie_LCn3" "foie_PERC.lipid" "foie_glycogen" "foie_Lactate" "foie_PG"
"1" 1 3696 "M" "BL" "M-BL" 2185 43 8.39 42.1 14.4 87.9 114.8 1016.04 37.3 1486.41 2.61 702.32 2.441 20.886 123 0.47 24.3 2.49 19.99 25.46 15.66 0.77 0.18 0.22 7.42 0.75 0.71 1.58 44.94 28.17 26.89 23.08 3.81 6.06 3.04 3.35 419.61 5.18 844.41
"2" 2 3931 "G" "BL" "G-BL" 2593 104.7 15.48 51.8 12.7 105.24 112.44 344.87 32.31 1297.55 2.12 729.06 1.358 15.761 77 0.68 24.46 2.8 16.62 35.86 11.49 0.46 0.26 0.31 5.03 0.54 0.37 1.13 42.02 38.97 19.02 16.52 2.5 6.61 2.04 6.35 231.55 4.98 468.08
"3" 3 3459 "M" "HL" "M-HL" 2400 42.7 6.54 51.7 12.5 100.57 48.18 779.87 40.56 1030.97 1.84 644.39 2.077 18.698 235 0.55 23.52 1.71 19.34 31.53 14.36 0.73 0.11 0.38 5.47 0.39 0.41 1.51 43.52 33.62 22.87 19.83 3.04 6.52 2.31 6.29 454.33 5.12 913.77
"4" 4 4081 "G" "HL" "G-HL" 2102 40.6 4.65 35.4 15.5 85.65 77.44 452.41 25.06 1329.13 2.01 598.83 2.193 20.787 53 0.37 20.03 0.62 24.75 19.2 20 0.97 0.18 0.31 9.74 0.52 0.62 2.68 45.33 20.13 34.53 29.74 4.79 6.21 3.82 3.29 246.37 5.75 498.49
"5" 5 3905 "G" "HL" "G-HL" 2631 68.6 3.88 43.9 16 111.12 73.92 317.94 25.45 1149.28 1.8 536.72 2.075 18.693 93 0.28 18.07 0.55 25.1 19.29 20.99 0.94 0.17 0.26 10.2 0.4 0.62 3.14 43.62 20.1 36.29 31.19 5.1 6.12 4.16 5.35 237.72 7.19 482.64
"6" 6 3560 "M" "HL" "M-HL" 2116 27.9 4.63 38 16.5 89.83 43 551.46 43.72 1030.8 1.59 636.98 1.685 18.057 121 0.26 16.75 0.59 19.94 22.61 24.44 1.7 0.16 0.38 9.19 0.53 0.66 2.78 37.11 23.58 39.3 33.63 5.67 5.93 3.97 4.92 247.09 6.83 501.01
"7" 7 3864 "G" "BL" "G-BL" 2458 93.7 11.98 52.5 15.3 112.79 95.93 340.39 26.16 1235.32 2.13 1197.42 1.993 17.544 153 0.67 26.83 3.39 14.31 41.41 8.42 0.44 0.11 0.32 2.95 0.29 0.18 0.68 41.92 45.12 12.96 11.37 1.59 7.15 1.15 5.82 344.49 3.77 692.75
"8" 8 3634 "M" "BL" "M-BL" 2495 22.4 3.89 53.9 14.3 110.97 63.07 847.81 29.85 1075.45 1.68 300.71 3.387 15.014 154 0.15 27.22 2.69 18.86 34.03 9.74 0.38 0.13 0.34 5.58 0.38 0.33 0.18 46.36 37.06 16.59 15.32 1.27 12.06 0.89 5.99 407.34 6.47 821.16
"9" 9 3711 "M" "BL" "M-BL" 2414 30.1 4.88 53.8 13.8 105.2 61.93 857.79 35.69 1312.92 2.21 581.22 3.465 11.951 63 0.77 26.91 2.52 20.72 25.41 12.75 0.42 0.19 0.4 7.06 0.56 0.42 1.87 48.59 28.33 23.08 19.81 3.27 6.06 2.85 4.02 388.25 7.52 784.02
"10" 10 4054 "G" "BL" "G-BL" 2273 52.4 9.29 51.6 14.8 86.38 93.16 648.29 23.79 1405.48 2.13 723.29 2.424 13.867 101 0.52 24.54 2.59 21.13 24.99 15.5 0.45 0.19 0.34 7.86 0.53 0.38 1.99 46.38 27.92 26.71 23.36 3.35 6.97 2.9 2.4 421.42 6.41 849.24
"11" 11 3635 "M" "HL" "M-HL" 2328 26.9 2.33 43 13.5 102.6 56.58 611.38 24.39 1139.91 1.75 493.38 2.775 11.748 108 0.47 21.44 1.62 22.93 22.06 17.93 0.83 0.3 0.31 9.04 0.38 0.55 2.14 45.14 23.99 30.87 26.97 3.9 6.92 3.07 4 250.16 8.93 509.25
"12" 13 3971 "G" "HL" "G-HL" 1915 61.8 9.1 32.6 9.9 82.96 102.72 504.84 46.24 1152.42 1.92 594.54 1.68 14.257 109 0.36 19.06 0.52 22.69 16.46 24.21 1.13 0.19 0.31 10.76 0.68 0.95 2.68 42.3 17.29 40.41 34.97 5.44 6.43 4.31 4.12 319.33 2.59 641.25
"13" 14 3684 "M" "HL" "M-HL" 2232 19.9 2.8 45.2 18.5 107.75 70.72 900.5 31.75 1041.04 1.67 379.3 3.853 8.684 103 1.28 20.03 1.59 19.77 26.5 18.92 1.5 1.42 0.3 6.02 0.54 0.55 1.59 42.5 28.39 29.12 24.94 4.18 5.97 2.68 5.41 225.44 4.92 455.8
"14" 15 4064 "G" "BL" "G-BL" 2636 82.2 11.2 52.4 12 109.73 92.05 506.03 35.87 960.55 1.73 361.5 1.998 13.736 47 0.35 21.75 1.66 22.09 24.34 18.21 0.79 0.11 0.33 7.67 0.57 0.5 1.63 44.3 26.33 29.37 25.88 3.49 7.42 2.7 4.74 369.68 5.08 744.43
"15" 16 3683 "M" "BL" "M-BL" 2256 18.5 11.68 55 13.3 104.45 129.82 896.71 27.48 1420.53 2.15 496.28 3.629 14.95 79 0.49 26.28 2.01 23.28 25.19 12.87 0.4 0.16 0.32 6.54 0.56 0.3 1.61 50.21 27.52 22.28 19.41 2.87 6.76 2.47 4.07 384.9 8.75 778.55
"16" 17 3455 "M" "BL" "M-BL" 2026 19.1 2.49 46 12.3 86.44 43.95 610.18 41.17 1194.69 1.83 286.4 3.987 12.916 159 0.41 22.85 1.32 24.85 22.76 14.39 0.41 0.23 0.39 9.08 0.64 0.47 2.19 48.34 24.47 27.18 23.47 3.71 6.33 3.3 4.47 400.8 7.36 808.96
"17" 18 4024 "G" "BL" "G-BL" 2684 93.7 8.34 55 16.5 132.08 94.49 752.8 46.91 1134.14 1.85 351.74 2.632 18.235 100 0.44 26.15 1.44 24.31 24.34 12.2 0.25 0.1 0.34 7.72 0.47 0.47 1.76 51 26.12 22.87 19.92 2.95 6.75 2.7 3.95 351.33 6.2 708.87
"18" 19 3600 "M" "HL" "M-HL" 2080 19.7 4.12 37.4 13.2 94.7 32.28 497.57 20.9 963.04 1.51 404.99 NA 11.68 94 0.35 21.94 0.74 24.6 20.97 17.98 0.71 0.12 0.33 8.44 0.37 0.65 2.81 47.01 22.04 30.96 26.42 4.54 5.82 3.83 3.86 274.55 6.49 555.59
"19" 20 3865 "G" "HL" "G-HL" 2455 88.6 3.25 48.1 13.7 113.52 77.6 625.87 30.29 1128.4 1.79 448.34 2.19 21.657 48 0.32 20.91 0.55 23.37 19.58 20.17 0.84 0.13 0.39 9.33 0.51 0.64 3.27 44.73 20.52 34.76 29.5 5.26 5.61 4.42 4.04 278.29 6 562.58
"20" 21 3877 "G" "HL" "G-HL" 2478 106.4 12.4 46 14 94.97 65.79 506.41 35.77 1141.42 2.04 783.17 2.704 13.06 75 0.42 19.06 0.69 20.58 22.06 22.69 1.26 0.24 0.37 8.85 0.5 0.63 2.65 40.3 23.12 36.58 31.54 5.04 6.26 3.78 3.14 341.53 5.98 689.04
"21" 22 3466 "M" "HL" "M-HL" 2456 18.7 3.12 45.7 15.1 121.96 66.76 490.08 37.61 1066.08 1.7 447.26 2.05 14.021 94 0.57 16.21 0.7 15.35 26.98 29.28 2.88 0.68 0.31 4.87 0.29 0.45 1.42 32.81 27.99 39.19 34.15 5.04 6.78 2.16 4.02 294.03 6.87 594.92
"22" 23 3901 "G" "BL" "G-BL" 2371 72.2 9.68 47.6 11.9 99.16 119.9 630.01 46.43 1686.12 2.71 671.16 2.36 15.269 114 0.41 22.77 1.38 24.17 20.01 16.96 0.63 0.13 0.3 9.44 0.56 0.96 2.28 47.48 21.69 30.83 26.4 4.43 5.96 3.8 3.44 442.64 3.68 888.96
"23" 24 3512 "M" "BL" "M-BL" 2290 23.4 3.79 46.1 12.5 110.3 64.6 617.64 33.21 1602.02 2.14 461.64 5.349 6.681 213 0.44 24.09 1.72 22.39 23.43 15.04 0.46 0.22 0.28 8.85 0.54 0.52 2.01 47.14 25.43 27.42 23.89 3.53 6.77 3.07 6.14 300.27 5.35 605.88
"24" 25 3598 "M" "BL" "M-BL" 2415 15.5 1.99 47.4 13.7 111.3 49.42 763.06 24.74 1331.98 1.86 431.65 3.714 10.534 104 0.25 22.92 1.02 26.39 18.48 14.73 0.46 0.05 0.36 10.97 0.52 0.62 3.22 49.61 19.86 30.52 25.7 4.82 5.33 4.36 4.74 418.98 6.8 844.76
"25" 26 3969 "G" "BL" "G-BL" 2623 90.7 17.14 58 12.5 115.58 79.22 595.37 34.8 1597.85 2.64 790.76 2.032 13.392 129 0.41 24.33 1.44 25.21 19.8 15.7 0.42 0.14 0.23 8.99 0.76 0.55 2.03 50.09 21.47 28.45 24.69 3.76 6.57 3.34 3.64 441.39 6.15 888.92
"26" 27 3667 "M" "HL" "M-HL" 2492 37.2 6 44.6 14.5 107.8 39.45 418.77 27.08 1308.55 2.18 510.9 4.169 16.044 114 0.32 19.65 0.8 26.3 15.85 20.43 0.8 0.15 0.27 11.08 0.81 1.02 2.53 46.42 16.92 36.67 31.51 5.16 6.11 4.36 4.4 242.24 7.95 492.42
"27" 28 3956 "G" "HL" "G-HL" 2216 62.6 5.43 42.2 18 89.16 61.82 427.98 35.28 1575.67 1.95 552.27 3.636 13.671 46 0.3 17.5 0.75 19.93 20.35 26.23 1.52 0.12 0.29 9.31 0.43 0.88 2.38 37.85 21.39 40.75 35.54 5.21 6.82 3.69 6.38 220.31 7.57 448.2
"28" 29 3839 "G" "HL" "G-HL" 2366 74.7 6.5 56.1 15.2 104.9 55.09 313.04 33.2 1781.96 2.38 612.34 4.551 12.258 32 0.3 18.09 0.38 26.05 14.27 24.15 0.9 0.15 0.32 11.71 0.51 0.74 2.44 44.59 14.97 40.45 35.86 4.59 7.81 3.69 3.08 305.86 7.48 619.21
"29" 30 3619 "M" "HL" "M-HL" 2401 27.8 4.21 48.9 16.1 105.49 46.56 313.62 24.18 1319.76 1.84 395.39 2.215 16.778 94 0.39 17.43 0.45 25.02 14.95 22.69 1.02 0.46 0.25 11.83 1.02 0.89 3.61 43.3 15.65 41.06 34.52 6.54 5.28 5.52 4.92 418.56 4.41 841.54
"31" 32 3492 "M" "BL" "M-BL" 2301 45.3 8.17 51.4 11.3 96.57 81.49 464.11 35.98 1590.4 2.53 683.74 1.217 4.46 178 0.48 21.75 1.76 21.58 26.21 15.94 0.61 0.16 0.39 8.24 0.51 0.45 1.93 43.97 28.36 27.68 24.18 3.5 6.91 2.89 5.06 346.51 4.66 697.68
"32" 33 3486 "M" "BL" "M-BL" 1939 11.2 1.13 41.5 13.8 86.7 47.1 803.94 41.75 1437.06 2.18 571.8 3.009 8.954 70 0.46 22.21 1.94 22.37 30.12 12.13 0.46 0.16 0.38 7.25 0.49 0.38 1.66 45.2 32.44 22.37 19.38 2.99 6.48 2.53 3.31 341.75 8.64 692.13
"34" 35 3488 "M" "HL" "M-HL" 2163 38.8 4.17 45.8 14.3 95.52 81.07 587.4 29.97 1243.6 2.18 673.53 2.518 13.473 160 0.33 19.27 0.7 23.2 17.87 22.58 1.17 0.05 0.26 10.08 0.72 0.86 2.9 42.85 18.83 38.31 32.66 5.65 5.78 4.48 3.55 244.78 8.13 497.69
"35" 36 3933 "G" "HL" "G-HL" 2540 131 13.87 51.6 15.4 102.08 93.67 499.89 28.79 1364.49 2.5 1148.15 1.597 11.792 83 0.41 17.95 0.6 22.75 16 23.25 1.06 0.31 0.26 12.35 0.67 0.93 3.47 41.42 16.86 41.73 35.6 6.13 5.81 5.07 2.63 410.92 5.42 827.27
"36" 37 4063 "G" "HL" "G-HL" 2606 81.6 13.75 46.5 13.7 111.25 68.43 531.46 31.68 1391.65 2.27 656.2 1.875 9.866 64 0.29 18.53 0.87 19.74 20.26 25.51 1.48 0.15 0.31 9.06 0.53 0.81 2.47 38.71 21.44 39.86 34.57 5.29 6.53 3.81 4.15 299.97 5.76 605.71
"37" 38 3493 "M" "HL" "M-HL" 2325 72 16.07 44.1 14.1 90.48 39.86 433.98 38.12 1174.26 2.06 611.4 2.697 4.463 73 0.42 19.15 0.86 22.39 18.22 23.39 1.42 0.34 0.3 9.67 0.68 0.79 2.37 42.3 19.38 38.32 33.06 5.26 6.29 3.84 4.9 358.01 8.31 724.33
"38" 39 3952 "G" "BL" "G-BL" 2448 98.7 12.61 49.5 15 103.81 88.63 578.96 42.62 1446.32 2.13 570.85 1.977 10.814 110 0.63 24.01 3.4 16.94 28.86 15.81 0.75 0.31 0.34 6.42 0.46 0.35 1.73 41.89 32.6 25.52 22.23 3.29 6.76 2.54 6.95 495.98 5.7 997.65
"39" 40 3548 "M" "BL" "M-BL" 1704 8.5 1.52 40.5 13.1 72.77 52.6 687.4 35.51 1699.5 3 750.26 2.713 10.13 76 0.52 24.45 2.35 21.87 23.66 15.61 0.61 0.19 0.26 8.07 0.47 0.4 1.55 47.03 26.27 26.71 23.68 3.03 7.82 2.42 3.33 443.08 4.95 891.11
"40" 41 3617 "M" "BL" "M-BL" 2369 26.2 6.61 49.7 15.2 105.5 86.19 404.93 26.42 1549.25 2.43 587.01 2.827 10.169 66 0.42 22.6 1.16 25.9 19.29 16.56 0.27 0.09 0.33 10 0.62 0.31 2.45 49.01 20.78 30.21 26.56 3.65 7.28 3.38 4.05 362.52 6.25 731.29
"41" 42 3812 "G" "BL" "G-BL" 2373 102.3 13.58 48.7 15.5 97.04 68.06 690.32 28.88 1631.48 2.65 875.29 2.612 9.956 53 0.32 21.59 1.49 24.93 23.75 14.9 0.39 0.11 0.31 9.15 0.61 0.37 2.09 46.95 25.55 27.51 24.05 3.46 6.95 3.07 4.45 432.08 7.66 871.82
"42" 43 3654 "M" "HL" "M-HL" 2119 34.8 8.94 40 12.6 80.43 47 460.07 33.39 1392.35 2.18 747.66 1.723 9.974 69 0.31 19.14 1.56 17.62 26.26 22.79 1.64 0.16 0.33 7.23 0.44 0.45 2.07 37.23 28.15 34.62 30.02 4.6 6.53 2.96 5.19 378.03 5.12 761.19
"43" 44 4055 "G" "HL" "G-HL" 2468 66.5 7.09 49.8 16.1 97.45 79.37 434.16 24.12 1372.45 2.1 537.24 3.136 10.592 86 0.22 16.89 1.12 15.43 23.62 27.33 2.08 0.15 0.39 8.89 0.46 0.62 2.8 32.69 25.13 42.18 36.22 5.96 6.08 3.88 6.64 381.35 6.89 769.58
"44" 45 3652 "M" "BL" "M-BL" 2428 37.8 9.64 54.1 13.6 101.8 92.28 571.85 38.64 1710.68 2.33 1016.35 1.867 12.777 92 0.41 20.55 1.16 24.08 21.8 18.89 0.97 0.37 0.38 8.24 0.53 0.45 2.18 45.41 23.34 31.26 27.13 4.13 6.57 3.16 4.18 444.79 4.63 894.22
"45" 46 3775 "G" "BL" "G-BL" 1933 65.6 5.66 42.1 12.3 76.1 108.68 473.11 48.96 1740.26 2.76 1022.51 3.227 13.46 81 0.39 22.93 1.95 22.14 24.19 15.47 0.46 0.14 0.32 8.94 0.51 0.53 2.03 45.6 26.46 27.94 24.41 3.53 6.92 3.07 5.62 362.66 7.28 732.6
"46" 47 3514 "M" "HL" "M-HL" 2023 12 1.38 41.9 11.1 98.93 60.22 389.54 34.46 1700.29 2.11 341.85 2.018 10.738 108 0.3 18.15 1.04 22.65 20 21.31 0.88 0.23 0.36 10.7 0.6 0.87 2.92 41.33 21.4 37.28 32.01 5.27 6.07 4.39 5.15 215.53 7.21 438.27
"47" 48 4026 "G" "HL" "G-HL" 2327 61.5 7.74 40.9 11.9 102.76 73.58 441.36 31.24 1390.86 2.04 635.36 3.201 10.874 132 0.28 18.91 0.72 21.96 17.45 22.41 0.86 0.12 0.33 11.63 0.6 0.95 3.78 41.27 18.5 40.23 34.04 6.19 5.5 5.33 4 322.6 5.93 651.13
"48" 49 3815 "G" "HL" "G-HL" 2247 98 10.36 35.1 15.9 98.02 65.92 360.1 38.65 1272.22 1.78 325.59 2.626 13.292 113 0.28 19.59 0.55 22.75 16.43 21.76 0.97 0.19 0.29 11.64 0.56 0.92 4.08 42.81 17.27 39.93 33.4 6.53 5.11 5.56 5.18 271.86 7.76 551.47
