"Area" "Mean" "StdDev" "Mode" "Min" "Max" "Perim." "WIDTH" "HEIGHT" "Major" "Minor" "Angle" "Circ." "Feret" "IntDen" "Median" "Skew" "Kurt" "RawIntDen" "FeretAngle" "MinFeret" "AR" "Round" "Solidity" "Sigma" "Theta" "Width" "A" "Bgrd" "Intens" "E" "Image"
"168" 125 17992.32 18119.76 65504 5312 65504 52.43 12 15 14.13 11.26 74.59 0.57 16.16 2249040 9792 1.81 1.98 2249040 68.2 12 1.26 0.8 0.83 55.81 0.11 5613.7 0.98 3656.69 1785854.19 "Bacterie" "Img1"
"135" 38 15863.58 16419.31 5776 5312 65504 25.21 8 8 7.81 6.19 116.54 0.75 8.94 602816 8112 1.89 2.35 602816 153.43 7.16 1.26 0.79 0.78 66.53 0.21 2789.14 0.86 4124.97 417129.73 "Bacterie" "Img1"
"133" 132 18734.3 18707.02 65504 5328 65504 53.36 12 15 15.45 10.88 79.07 0.58 16.64 2472928 10496 1.67 1.45 2472928 57.26 12 1.42 0.7 0.83 38.21 0.14 5683.94 0.85 2553.28 1868989.28 "Bacterie" "Img1"
"129" 160 21650.7 20354.59 65504 5344 65504 60.08 14 17 16.41 12.41 66.13 0.56 18.6 3464112 10832 1.27 0.16 3464112 53.75 13.91 1.32 0.76 0.81 83.02 1.45 7811.39 0.82 -6039.66 3838217.41 "Bacterie" "Img1"
"113" 25 14529.28 12038.7 5488 5488 47472 22.38 6 7 6.02 5.28 71.57 0.63 7.81 363232 8848 1.37 0.72 363232 50.19 6 1.14 0.88 0.76 93.01 0.92 2762.43 0.7 3830.68 271791.37 "Bacterie" "Img1"
"182" 22 8669.82 4126.28 5312 5312 18256 24.49 3 11 11.55 2.42 83.01 0.46 11.4 190736 7392 1.21 0.07 190736 74.74 3 4.76 0.21 0.79 98.89 0.06 4159.52 1.16 6483.85 980777.17 "Bacterie" "Img1"
"191" 124 18150.19 18045.65 65504 5472 65504 53.84 14 15 13.84 11.41 78.46 0.54 15.52 2250624 10080 1.77 1.9 2250624 104.93 12.74 1.21 0.82 0.81 57.88 0.96 8019.53 1.47 3757.5 3611322.21 "Bacterie" "Img1"
"159" 129 18707.35 18332.3 65504 5312 65504 55.84 12 16 14.68 11.19 79.17 0.52 16.76 2413248 10064 1.66 1.43 2413248 107.35 12 1.31 0.76 0.8 37.9 0.1 5860.02 0.95 2495.22 1957136.64 "Bacterie" "Img1"
"162" 24 14921.33 13080.14 5536 5536 54544 27.8 6 8 6.64 4.6 96.56 0.39 8.54 358112 7952 1.59 1.77 358112 110.56 5.88 1.44 0.69 0.65 85.28 0.24 2712.93 0.96 3923.98 292840.45 "Bacterie" "Img1"
"124" 70 18110.17 17977.42 65504 5344 65504 34.87 10 11 10.36 8.6 63.4 0.72 11.7 1267712 10192 1.82 1.93 1267712 70.02 9.17 1.2 0.83 0.83 82.08 0.15 3600.75 0.78 5379.79 734799.25 "Bacterie" "Img1"
"127" 44 15247.27 15476.59 5360 5360 65504 30.28 8 9 7.57 7.4 52.73 0.6 9.43 670880 8592 1.97 2.67 670880 57.99 8 1.02 0.98 0.78 79.38 1.32 2840.43 0.8 4764.04 418724.13 "Bacterie" "Img1"
"134" 83 16090.41 17648.79 65504 5344 65504 48.77 10 15 12.38 8.54 77.28 0.44 15.23 1335504 8496 2.08 2.95 1335504 66.8 10 1.45 0.69 0.7 75.22 0.01 3560.87 0.85 5091.52 742165.69 "Bacterie" "Img1"
"111" 121 16725.55 17819.6 65504 5328 65504 58.08 13 15 13.81 11.16 88.89 0.45 15.62 2023792 8880 1.91 2.26 2023792 140.19 13 1.24 0.81 0.76 72.34 0.09 4218.99 0.7 4806.83 1022699.52 "Bacterie" "Img1"
"184" 9 8995.56 2947.4 5392 5392 13872 10.49 3 4 3.92 2.92 110.3 1 4.47 80960 8224 0.55 -0.9 80960 116.57 3 1.34 0.75 0.86 278.91 1.2 3183.36 1.18 3007.36 94461.97 "Bacterie" "Img1"
"104" 30 11824 9882.44 5312 5312 43376 23.56 7 6 7.16 5.34 174.31 0.68 8.6 354720 7152 1.74 2.08 354720 144.46 6 1.34 0.75 0.8 116.39 1 2393.63 0.52 4234.1 180216.47 "Bacterie" "Img1"
"161" 74 15647.57 16305.9 65504 5312 65504 40.28 12 10 11.74 8.03 33.68 0.57 14.21 1157920 9136 2.25 4.05 1157920 39.29 9.39 1.46 0.68 0.8 90.33 0.2 5054.14 0.95 5871.65 1435657.05 "Bacterie" "Img1"
"171" 42 15270.86 16930.88 6256 5392 65504 37.46 8 10 7.97 6.71 105.67 0.38 10.44 641376 7088 2.15 3.43 641376 73.3 8 1.19 0.84 0.69 67 0.45 3025.43 1 4598.48 543255.39 "Bacterie" "Img1"
"187" 125 17083.26 17803.2 65504 5312 65504 51.94 13 15 14.18 11.23 71.06 0.58 15.3 2135408 9488 1.97 2.65 2135408 101.31 12.85 1.26 0.79 0.81 86.29 0.94 6570.38 1.23 5619.14 2430734.8 "Bacterie" "Img1"
"188" 123 18857.11 18896.66 65504 5312 65504 50.18 12 16 14.19 11.04 68.22 0.61 16.03 2319424 9824 1.65 1.32 2319424 93.58 11.88 1.29 0.78 0.81 47.06 0.02 6366.51 1.25 3117.91 2323481.65 "Bacterie" "Img1"
"170" 136 17646.59 18328.14 65504 5312 65504 53.01 13 15 14.96 11.57 75.13 0.61 17.03 2399936 9200 1.8 1.8 2399936 40.24 12.66 1.29 0.77 0.83 26.71 0.48 6515.28 0.99 1809.62 2493601.06 "Bacterie" "Img1"
"105" 62 16674.58 16424.89 65504 5344 65504 30.04 9 11 10.01 7.89 59.45 0.86 11.4 1033824 9584 1.99 2.86 1033824 74.74 8.49 1.27 0.79 0.88 85.32 1.09 3155.47 0.55 5412.93 546189.49 "Bacterie" "Img1"
"130" 17 13883.29 9003.42 5424 5424 33632 16.14 5 6 5.42 4 64.54 0.82 6.4 236016 10384 1.12 0.13 236016 38.66 4.74 1.36 0.74 0.72 117.04 1.18 2736.35 0.83 3502.58 193754.5 "Bacterie" "Img1"
"158" 69 16249.28 17585.78 65504 5344 65504 36.87 9 13 11.11 7.91 72.36 0.64 13.6 1121200 8848 2.1 2.99 1121200 72.9 9 1.41 0.71 0.81 81.52 0.38 3794.61 0.95 5539.86 846040.31 "Bacterie" "Img1"
"120" 74 16978.38 17984.16 65504 5312 65504 35.46 10 11 10.79 8.74 72.04 0.74 12.53 1256400 9488 1.98 2.49 1256400 61.39 10 1.23 0.81 0.83 71.07 0.97 3968.99 0.77 4816.9 923216.81 "Bacterie" "Img1"
"107" 118 18106.31 18072.25 65504 5392 65504 50.43 12 15 14.36 10.46 68.89 0.58 16.16 2136544 10064 1.79 1.94 2136544 68.2 11.64 1.37 0.73 0.83 75.87 0.9 5001.07 0.59 4911.29 1399884.28 "Bacterie" "Img1"
"100" 139 15716.72 16710.51 65504 5328 65504 69.98 13 21 19.84 8.92 101.24 0.36 21.38 2184624 8384 2.1 3.19 2184624 79.22 12.07 2.22 0.45 0.68 79.79 0.88 3223.75 0.11 5232.98 589322.23 "Bacterie" "Img1"
"142" 121 18289.45 18333.32 65504 5456 65504 54.43 14 15 14.07 10.95 74.26 0.51 15.81 2213024 10000 1.76 1.73 2213024 55.3 12.86 1.28 0.78 0.77 68.71 0.19 5323.89 0.88 4482.01 1598917.84 "Bacterie" "Img1"
"147" 10 9166.4 3094.41 8880 5728 16240 11.07 4 3 3.97 3.21 0 1 4.47 91664 8880 1.13 0.77 91664 153.43 3 1.24 0.81 0.91 262.13 1.16 2877.09 0.91 3002.88 81980.11 "Bacterie" "Img1"
"144" 117 17028.65 17067.38 65504 5328 65504 57.84 11 17 15.61 9.54 83.47 0.44 17.12 1992352 9568 1.89 2.45 1992352 96.71 11 1.64 0.61 0.79 163.59 0.05 3833.9 0.9 9788.15 760241.86 "Bacterie" "Img1"
"118" 18 10830.22 4564.31 5360 5360 19408 16.14 5 6 5.95 3.85 67.1 0.87 6.4 194944 10416 0.47 -1.08 194944 38.66 4.43 1.54 0.65 0.78 215.01 0.15 3156.7 0.76 3252.44 130321.02 "Bacterie" "Img1"
"157" 118 19295.32 18400.87 65504 5328 65504 46.77 11 17 14.68 10.24 76.51 0.68 17.12 2276848 11136 1.61 1.37 2276848 96.71 11 1.43 0.7 0.83 52.12 0.69 6532.68 0.95 3346.81 2370757.2 "Bacterie" "Img1"
"152" 37 17258.38 18013.12 65504 5376 65504 24.97 6 9 7.92 5.95 76.88 0.75 9.49 638560 8112 1.83 2.14 638560 71.57 6 1.33 0.75 0.81 62.47 0.33 3017.9 0.94 4230.12 533422.23 "Bacterie" "Img1"
"131" 32 15353 15127.55 5584 5584 65504 22.97 7 8 6.81 5.98 97.19 0.76 8.54 491296 7936 1.87 2.68 491296 110.56 6.93 1.14 0.88 0.77 71.63 0.98 2831.92 0.83 4044.8 391635.87 "Bacterie" "Img1"
"151" 28 12620 10509.89 5616 5360 40224 22.97 6 7 6.44 5.54 72.92 0.67 7.62 353360 7040 1.55 1.07 353360 113.2 6 1.16 0.86 0.78 101.1 0.02 2620.4 0.93 3783.25 222180.05 "Bacterie" "Img1"
"189" 62 16322.58 17253.89 65504 5312 65504 38.28 9 13 10.26 7.69 76.83 0.53 14.32 1012000 9120 1.96 2.46 1012000 65.22 8.61 1.33 0.75 0.74 72.89 1.53 3936.12 1.25 4772.63 877172.45 "Bacterie" "Img1"
"138" 163 16212.32 17392.18 65504 5312 65504 67.74 18 17 18.37 11.3 148.44 0.45 19.42 2642608 8688 2.02 2.71 2642608 145.49 15.09 1.63 0.62 0.74 77.62 0.04 3073.13 0.87 5210.11 548128.44 "Bacterie" "Img1"
"150" 138 18714.78 18665.97 65504 5312 65504 52.18 14 16 15.8 11.12 70.2 0.64 17.2 2582640 9712 1.67 1.54 2582640 35.54 12.07 1.42 0.7 0.83 27.51 0.12 6127.46 0.92 1827.41 2161951.75 "Bacterie" "Img1"
"122" 89 16834.16 18110.85 65504 5328 65504 47.6 11 13 12.28 9.22 71.41 0.49 13.93 1498240 8608 1.99 2.57 1498240 68.96 11 1.33 0.75 0.78 78.61 0.04 3643.97 0.77 5342.69 780364.15 "Bacterie" "Img1"
"143" 12 9852 5481.59 5344 5344 21392 15.31 6 3 5.4 2.83 0.94 0.64 6.32 118224 8224 1.4 0.5 118224 18.43 3 1.91 0.52 0.8 77.3 0.1 2986.7 0.89 5139.97 512864.75 "Bacterie" "Img1"
"160" 106 18004.68 18353.67 65504 5312 65504 54.43 13 16 14.65 9.21 59.21 0.45 17.46 1908496 10688 1.79 1.83 1908496 66.37 10.73 1.59 0.63 0.75 90.65 0.44 4732.22 0.95 5960.4 1273076.87 "Bacterie" "Img1"
"123" 44 15982.91 17307.83 5360 5360 65504 30.04 7 9 8.86 6.32 105.78 0.61 10.3 703248 7872 1.79 1.82 703248 119.05 7 1.4 0.71 0.83 67.84 1.15 3063.35 0.78 4321.05 516882.04 "Bacterie" "Img1"
"137" 81 15907.16 17553.85 65504 5312 65504 47.01 11 12 11.29 9.13 59.86 0.46 13.6 1288480 8496 2.1 3.03 1288480 36.03 10.98 1.24 0.81 0.76 79.76 0.05 3518.93 0.86 5412.01 726476.83 "Bacterie" "Img1"
"141" 98 16446.69 17613.83 65504 5328 65504 45.11 11 14 13.15 9.49 74.62 0.61 14.87 1611776 8272 1.96 2.49 1611776 70.35 10.96 1.39 0.72 0.8 79.89 0.14 4236.15 0.88 5312.04 1031705 "Bacterie" "Img1"
"165" 82 17110.05 17813.06 65504 5456 65504 43.94 11 12 12.23 8.54 60.62 0.53 14.21 1403024 10256 2.12 3.06 1403024 50.71 9.6 1.43 0.7 0.8 95.72 1.49 3847.99 0.97 6458.65 863788.77 "Bacterie" "Img1"
"146" 148 19631.24 19440.17 65504 5376 65504 57.84 14 17 15.74 11.97 78.7 0.56 17.49 2905424 9952 1.52 0.9 2905424 120.96 13.72 1.32 0.76 0.8 11.5 0.04 6514.58 0.9 -787.22 2551728.37 "Bacterie" "Img1"
"175" 12 15084 7788.55 6128 6128 30720 11.9 4 4 4.42 3.45 32.07 1 5 181008 16800 0.54 -0.68 181008 36.87 4 1.28 0.78 0.86 130.01 0.55 3173.05 1.06 3331.53 223082.11 "Bacterie" "Img1"
"154" 178 18343.82 18654.57 65504 5344 65504 63.5 15 18 16.63 13.62 80.25 0.55 19.24 3265200 9648 1.72 1.56 3265200 117.9 15 1.22 0.82 0.81 24.22 0.53 7522.68 0.94 1621.55 3287288.91 "Bacterie" "Img1"
"164" 10 11556.8 5554.8 6096 6096 24640 11.07 4 3 3.97 3.21 0 1 4.47 115568 11680 1.3 1.08 115568 153.43 3 1.24 0.81 0.91 157.23 0.42 2712.12 0.97 2924.28 118292.15 "Bacterie" "Img1"
"194" 24 9006 3153.23 5376 5376 15248 17.31 5 6 5.99 5.1 88.6 1 6.71 216144 8432 0.54 -0.9 216144 116.57 5 1.17 0.85 0.89 309.76 1.16 7493.67 2.14 3348.39 524746.58 "Bacterie" "Img1"
"192" 165 17801.99 18450.08 65504 5312 65504 59.01 15 17 15.44 13.61 76.59 0.6 17.49 2937328 9472 1.83 2 2937328 120.96 14.97 1.13 0.88 0.84 125.8 0.02 7198.11 1.5 7937.22 2826116.9 "Bacterie" "Img1"
"110" 13 11392 5750.82 6000 6000 22032 14.73 4 5 4.43 3.73 101.9 0.75 5.83 148096 9904 0.77 -0.81 148096 120.96 4 1.19 0.84 0.74 164.32 0.95 2619.25 0.69 3169.58 114416.93 "Bacterie" "Img1"
"136" 121 16348.03 17520.17 65504 5312 65504 50.18 13 16 14.83 10.39 60.82 0.6 17.03 1978112 8832 2.07 2.91 1978112 49.76 12.35 1.43 0.7 0.78 67.06 0.15 4654.83 0.86 4493.1 1255404.89 "Bacterie" "Img1"
"106" 5 6332.8 878.14 5504 5504 7792 9.66 2 4 3.73 1.71 84.85 0.67 4.12 31664 6240 0.99 -0.33 31664 104.04 2 2.19 0.46 0.77 767.79 0.03 2299.85 0.56 2967.77 17672.96 "Bacterie" "Img1"
"115" 8 5888 459.13 5328 5328 6496 17.31 4 4 3.98 2.56 121.35 0.34 5.66 47104 5984 0.07 -1.43 47104 135 3.79 1.55 0.64 0.59 904.93 0.03 9917.41 0.71 2274.57 213698.92 "Bacterie" "Img1"
"176" 139 17138.42 18033.64 65504 5312 65504 51.84 14 17 15.69 11.28 72.23 0.65 17.46 2382240 8976 1.92 2.35 2382240 66.37 12.8 1.39 0.72 0.79 56.05 1.48 5851.36 1.08 3752.53 1982806.64 "Bacterie" "Img1"
"173" 74 17364.97 17224.92 65504 5328 65504 43.94 10 13 11.71 8.04 76.47 0.48 13.93 1285008 10320 1.95 2.57 1285008 68.96 9.3 1.46 0.69 0.76 89.46 1.45 4076.87 1.04 5771.66 927113.96 "Bacterie" "Img1"
"117" 107 17359.1 18535.17 65504 5312 65504 52.43 13 14 12.81 10.64 73.98 0.49 14.87 1857424 9312 1.92 2.23 1857424 70.35 12.65 1.2 0.83 0.77 74 1.16 4628.66 0.75 5007.49 1253591.09 "Bacterie" "Img1"
"116" 33 14624 14081.48 5376 5360 55552 34.04 6 9 7.62 5.52 94.03 0.36 9.85 482592 7504 1.72 1.78 482592 113.96 6 1.38 0.72 0.67 75.17 0.98 2774.67 0.71 3887.28 344315.17 "Bacterie" "Img1"
"102" 61 16372.98 16880.54 65504 5312 65504 32.63 9 11 10.04 7.74 57.85 0.72 12.04 998752 9264 2.03 2.73 998752 41.63 8.63 1.3 0.77 0.81 82.01 0.92 3082.54 0.51 5347.51 535724.62 "Bacterie" "Img1"
"126" 43 12184.93 11702.34 5536 5520 52976 28.97 7 9 7.72 7.09 99.85 0.64 9.9 523952 7568 2.33 4.46 523952 45 7 1.09 0.92 0.82 95.52 1.45 2351.42 0.78 4782.01 239336.7 "Bacterie" "Img1"
"148" 16 12522 7916.45 6416 5552 30848 16.73 5 6 5.97 3.41 64.84 0.72 6.71 200352 10256 1.2 0.41 200352 63.43 4.37 1.75 0.57 0.73 129.29 0.21 2621.02 0.92 3410.23 156676.12 "Bacterie" "Img1"
"132" 183 18804.2 18480.42 65504 5328 65504 61.5 16 19 17.9 13.02 72.29 0.61 19.65 3441168 10016 1.63 1.38 3441168 75.26 15.56 1.38 0.73 0.81 53.26 0.07 7160.23 0.84 -3719.88 3097161.58 "Bacterie" "Img1"
"156" 115 19454.89 18610.92 65504 5312 65504 55.25 13 15 14.67 9.98 65.47 0.47 16.55 2237312 11504 1.59 1.25 2237312 64.98 11.63 1.47 0.68 0.77 48.05 0.37 6085.98 0.94 3124.43 2083646.64 "Bacterie" "Img1"
"83" 228 17165.96 11653.14 5616 5312 54736 79.64 15 23 21.47 13.52 75.64 0.45 24.7 3913840 12688 0.95 -0.08 3913840 68.63 15 1.59 0.63 0.83 317.51 1.49 2923.88 0.53 3902.96 90846.17 "Blanc" "Img1"
"61" 9 5856 350.18 5568 5568 6688 12.73 4 4 3.47 3.31 118.15 0.7 4.47 52704 5728 1.59 1.65 52704 116.57 4 1.05 0.95 0.72 1171.31 1.35 5973.02 0.79 2938.7 77371.76 "Blanc" "Img1"
"98" 66 12256.73 6166.84 8496 5424 27328 30.87 10 11 9.65 8.7 77.07 0.87 11.18 808944 10288 0.93 -0.36 808944 79.7 9.19 1.11 0.9 0.86 115.94 0.03 5205.75 1.42 4988.41 1008054.28 "Blanc" "Img1"
"33" 6 8317.33 2622.9 5712 5712 13328 9.07 4 2 3.99 1.92 161.57 0.92 4.47 49904 8128 1.28 0.45 49904 153.43 2 2.08 0.48 0.86 295.92 0.09 3373.9 1.74 2605.27 86639.58 "Blanc" "Img1"
"17" 238 13612.91 7337.98 5616 5344 39168 68.67 19 21 19.49 15.54 59.65 0.63 21.59 3239872 11472 0.98 0.49 3239872 76.61 17.68 1.25 0.8 0.84 920.9 0.34 4116.06 1.09 18112.09 288014.87 "Blanc" "Img1"
"29" 104 16760.77 11966.87 6048 5360 50528 40.28 15 10 14.97 8.85 156.76 0.81 15.81 1743120 11744 1.13 0.16 1743120 161.57 9.39 1.69 0.59 0.91 121.58 0.13 8946.86 1.96 4646.27 2644701.66 "Blanc" "Img1"
"68" 7 6253.71 729.62 5360 5360 7360 10.49 4 3 4.27 2.09 138.42 0.8 5 43776 6048 0.24 -1.24 43776 143.13 2.83 2.04 0.49 0.78 1539.5 0.28 5545.97 0.96 3019.5 52145.28 "Blanc" "Img1"
"96" 16 6143 555.56 5488 5488 7376 26.38 6 6 4.75 4.29 63.01 0.29 6.71 98288 5952 0.83 -0.33 98288 63.43 5.66 1.11 0.9 0.59 341.62 0.09 2692.15 1.27 2037.64 37374.56 "Blanc" "Img1"
"16" 56 10315.43 4338.22 5984 5360 19888 30.63 10 10 11.36 6.28 139.85 0.75 12.81 577664 9536 0.7 -0.78 577664 141.34 7.07 1.81 0.55 0.83 180.74 0.36 6866.92 1.16 2736.15 617206.46 "Blanc" "Img1"
"44" 6 5706.67 680.76 5344 5344 7088 12.49 2 5 4.63 1.65 102.39 0.48 5.39 34240 5472 1.74 1.11 34240 111.8 2 2.8 0.36 0.71 1445.52 1.57 4593.8 2.4 3562.39 44953.82 "Blanc" "Img1"
"8" 61 13632.26 11261.4 5360 5360 60944 32.63 9 10 9.32 8.33 64.59 0.72 11.18 831568 10560 2.35 5.6 831568 63.43 9 1.12 0.89 0.82 131.76 0.03 3917.04 1.41 5934.1 597399.85 "Blanc" "Img1"
"4" 19 7820.63 2526.48 5408 5408 13456 15.9 5 5 6.22 3.89 127.88 0.94 7.07 148592 6784 0.96 -0.29 148592 135 4.47 1.6 0.63 0.88 308.96 0.3 5042.94 1.11 2552.94 181667.4 "Blanc" "Img1"
"73" 16 6359 713.56 5472 5472 7856 13.9 5 4 4.84 4.21 165.13 1 5.66 101744 6368 0.53 -0.73 101744 135 4 1.15 0.87 0.89 552.15 1.47 2223.63 0.73 3530.11 27326.45 "Blanc" "Img1"
"26" 6 7472 1475.23 5936 5936 9360 7.66 3 2 3.39 2.26 0 1 3.61 44832 7760 0.25 -1.6 44832 146.31 2 1.5 0.67 1 533.29 1.44 2002.25 0.56 3334.63 21669.88 "Blanc" "Img1"
"10" 75 13932.37 8785.86 6048 5360 42368 34.04 10 11 11.54 8.28 50.82 0.81 12.81 1044928 10896 1.39 1.31 1044928 38.66 9.19 1.39 0.72 0.88 159.55 0.18 4808.84 0.8 4766.35 597239.81 "Blanc" "Img1"
"78" 7 8000 2132.79 6000 6000 11792 9.07 3 3 3.09 2.89 0 1 3.61 56000 6848 0.76 -0.73 56000 123.69 3 1.07 0.94 0.88 327.66 0.11 16995.91 1.24 -30563.21 23289419.27 "Blanc" "Img1"
"97" 5 6188.8 1153.63 5376 5376 8208 7.07 3 2 3.14 2.02 161.57 1 3.61 30944 5776 1.34 0.04 30944 146.31 2 1.55 0.64 0.91 186.18 0.25 6516.49 1.09 3844.62 758099.22 "Blanc" "Img1"
"20" 8 9098 3081.22 5360 5360 13888 9.07 3 3 3.54 2.88 45 1 4.24 72784 8544 0.57 -0.94 72784 45 3 1.23 0.81 0.94 277.38 0.14 2432.21 0.94 3081.51 56815.16 "Blanc" "Img1"
"19" 43 11397.21 7723.42 5728 5328 38240 23.56 7 8 7.8 7.02 80.48 0.97 8.94 490080 8688 2.01 3.42 490080 63.43 7 1.11 0.9 0.89 159.68 0.36 3713.3 1.09 4621.05 344971.03 "Blanc" "Img1"
"60" 44 8947.27 4798.47 5552 5344 22976 27.8 9 8 8.24 6.8 37.3 0.72 9.43 393680 7200 1.72 1.83 393680 147.99 7.59 1.21 0.82 0.79 256.17 1.48 2440.61 0.44 4532.21 91101.16 "Blanc" "Img1"
"21" 219 27102.32 23213.91 65504 5312 65504 73.4 18 20 18.71 14.91 55.73 0.51 21.1 5935408 15424 0.74 -1.11 5935408 58.57 16.62 1.25 0.8 0.82 330.1 1.52 8293.6 0.5 16798.49 3025579.92 "Blanc" "Img1"
"46" 137 15799.94 8496.03 5504 5312 34512 46.18 15 14 13.62 12.81 62.48 0.81 15.03 2164592 14896 0.44 -1 2164592 176.19 13.44 1.06 0.94 0.88 973.97 0.59 3953.53 0.74 17622.58 244450.78 "Blanc" "Img1"
"9" 7 6064 711 5376 5376 7152 9.66 2 4 4.15 2.15 81.65 0.94 4.47 42448 5856 0.61 -1.23 42448 63.43 2 1.94 0.52 0.93 734.12 0.18 3235.05 0.66 2691.04 33162.17 "Blanc" "Img1"
"84" 36 8226.67 3618.88 5440 5344 17088 25.8 9 7 8.34 5.49 8.15 0.68 9.43 296160 6512 1.28 0.27 296160 32.01 6.87 1.52 0.66 0.77 126.65 1.48 4957.48 0.95 4070.53 682926.99 "Blanc" "Img1"
"15" 155 14402.58 9601.53 5664 5312 54320 61.6 20 11 20.14 9.8 6 0.51 20.62 2232400 10688 1.53 2.43 2232400 14.04 11 2.06 0.49 0.84 187.93 0.03 8688.83 2.16 6281.34 2181313.53 "Blanc" "Img1"
"11" 51 10709.96 5489.99 5360 5360 28672 28.63 9 9 8.33 7.8 22.23 0.78 9.49 546208 8688 1.38 1.34 546208 108.43 8.94 1.07 0.94 0.82 186.85 1.43 4451.39 0.74 3454.97 316769.56 "Blanc" "Img1"
"28" 7 6923.43 1307.04 5744 5744 9568 9.9 4 3 3.44 2.59 161.57 0.9 4.47 48464 6688 1.25 0.48 48464 153.43 3 1.33 0.75 0.74 619.01 1.05 3322.58 0.7 2984.88 46015.85 "Blanc" "Img1"
"53" 9 9806.22 3880.25 5552 5552 16688 10.49 4 3 3.69 3.11 172.37 1 4.47 88256 8816 0.46 -0.99 88256 153.43 3 1.19 0.84 0.86 210.88 0.01 2779.55 1.22 2817.58 89245.4 "Blanc" "Img1"
"89" 11 5869.09 301.53 5696 5360 6336 18.14 5 4 4.97 2.82 163.58 0.42 6.4 64560 5824 -0.09 -0.92 64560 141.34 3.64 1.76 0.57 0.65 1796.39 0.17 6808.21 2 3526.66 78655.82 "Blanc" "Img1"
"57" 55 11165.38 4447.9 7056 5312 20800 28.63 11 8 9.97 7.02 163.98 0.84 11.18 614096 9952 0.46 -1.03 614096 169.7 8 1.42 0.7 0.82 134.69 0.12 8026.14 1.4 2168.41 896882.42 "Blanc" "Img1"
"99" 65 15939.45 12340 6832 5408 55056 30.04 11 9 9.56 8.66 164.67 0.91 11.4 1036064 10736 1.54 1.46 1036064 164.74 9 1.1 0.91 0.88 123.82 1.33 7313.83 1.44 4599.65 1718012.29 "Blanc" "Img1"
"92" 5 6265.6 864.34 5696 5696 7792 8.49 3 3 3.83 1.66 135 0.87 4.24 31328 5952 1.41 0.13 31328 135 2.12 2.31 0.43 0.77 1416.01 0.11 7680.41 0.4 2918.37 105086.99 "Blanc" "Img1"
"25" 21 9709.71 4785.82 5312 5312 22544 18.14 6 6 6.24 4.29 144.07 0.8 7.21 203904 8032 1.31 0.81 203904 123.69 5.27 1.45 0.69 0.78 211.37 0.12 3613.28 1.15 3316.29 177094.17 "Blanc" "Img1"
"69" 6 5565.33 298.38 5520 5328 6144 13.31 4 4 4.31 1.77 37.98 0.43 5.66 33392 5520 1.4 0.56 33392 45 2.83 2.43 0.41 0.6 873.19 0.26 3156.17 1.33 3587.82 35379.91 "Blanc" "Img1"
"32" 5 5612.8 122.59 5472 5472 5728 7.66 2 3 3.14 2.02 71.57 1 3.61 28064 5680 -0.35 -1.78 28064 56.31 2 1.55 0.64 0.91 1690.31 0.45 4716.5 0.96 3192.11 36312.44 "Blanc" "Img1"
"37" 48 10470 4891.82 5488 5488 21760 27.21 8 9 8.96 6.82 117.28 0.81 9.49 502560 8768 0.97 -0.17 502560 108.43 7.49 1.31 0.76 0.84 196.31 1.35 7363.93 1.65 3241.63 774153.21 "Blanc" "Img1"
"12" 7 7325.71 1802.93 5520 5520 9936 9.9 4 3 3.74 2.38 165.13 0.9 4.47 51280 6416 0.49 -1.42 51280 153.43 3 1.57 0.64 0.74 349.93 0.05 4590.15 1.77 2199.34 114483.55 "Blanc" "Img1"
"58" 48 10405 5801.37 5520 5520 26208 27.8 9 8 8.47 7.21 159.09 0.78 9.85 499440 8000 1.47 1.13 499440 156.04 7.91 1.18 0.85 0.82 226.27 0.12 4929.29 1.47 4549.81 422368.74 "Blanc" "Img1"
"80" 8 6668 1238.02 5376 5376 9296 16.97 5 4 4.1 2.48 151.15 0.35 5.83 53344 6176 1.26 0.58 53344 149.04 3.79 1.65 0.61 0.53 36.01 0.17 7998.25 1.09 -2422.88 3726729.15 "Blanc" "Img1"
"18" 183 22853.86 19054.64 65504 5312 65504 60.08 17 16 16.52 14.11 35.84 0.64 19.1 4182256 14592 1.1 -0.11 4182256 42.88 14.85 1.17 0.85 0.86 12.86 1.35 8119.23 0.64 -816 3665161.4 "Blanc" "Img1"
"63" 176 19137.91 18233.07 65504 5344 65504 66.91 19 17 15.51 14.45 70.06 0.49 19.1 3368272 10576 1.53 1.06 3368272 6.01 16.73 1.07 0.93 0.74 409.26 0.61 4606.17 1.26 2368.42 106143.63 "Blanc" "Img1"
"7" 35 8800 4173.59 5360 5360 21312 21.8 8 7 7.34 6.07 169.03 0.93 8.25 308000 7488 1.99 2.75 308000 14.04 6.64 1.21 0.83 0.82 270.49 0.05 3965.48 1.3 3996.29 200836.9 "Blanc" "Img1"
"75" 64 13632.25 6728.72 7344 5696 27296 30.63 9 9 9.8 8.31 147.41 0.86 10.82 872464 11344 0.46 -1.26 872464 123.69 9 1.18 0.85 0.9 447.19 0.96 3469.81 1.21 2725.03 63422.26 "Blanc" "Img1"
"27" 36 9397.78 5478.9 7008 5344 27920 20.97 7 7 6.81 6.73 135 1 7.62 338320 7136 1.79 2.57 338320 113.2 7 1.01 0.99 0.9 211.49 0.06 3462.2 1.21 4249.97 208243.17 "Blanc" "Img1"
"41" 5 7100.8 1710.37 5696 5696 9696 7.07 3 2 3.14 2.02 161.57 1 3.61 35504 6080 0.73 -1.09 35504 146.31 2 1.55 0.64 0.91 445.7 0.12 2702.08 1.14 2761.99 39112.97 "Blanc" "Img1"
"1" 7 8400 2574.28 5440 5440 12352 9.07 3 3 3.09 2.89 0 1 3.61 58800 8272 0.2 -1.2 58800 123.69 3 1.07 0.94 0.88 262.39 0.09 3381.56 1.62 2454.37 92474.98 "Blanc" "Img1"
"40" 14 6796.57 1072.32 6960 5664 9136 14.49 6 3 5.9 3.02 9.84 0.84 6.32 95152 6928 0.79 -0.37 95152 18.43 3 1.95 0.51 0.88 471.89 1.5 3653.84 0.6 2514.7 61501.84 "Blanc" "Img1"
"59" 34 10936.47 5671.83 5808 5808 24064 22.38 7 8 7.22 6 57.45 0.85 8.54 371840 8832 1.06 -0.16 371840 69.44 6.71 1.2 0.83 0.82 194.09 0.02 3571.62 0.83 3701.41 210315.36 "Blanc" "Img1"
"55" 5 5904 645.48 5360 5360 6896 9.66 2 4 4.18 1.52 100.9 0.67 4.47 29520 5664 0.73 -0.97 29520 116.57 2 2.75 0.36 0.77 1656.99 1.49 11782.13 0.69 3140.49 227420.26 "Blanc" "Img1"
"52" 10 6980.8 1332.01 5488 5488 9216 13.31 3 5 4.78 2.66 68.2 0.71 5.83 69808 7008 0.44 -1.26 69808 59.04 3 1.79 0.56 0.8 599.04 0.13 2843.74 0.72 3257.42 38012.02 "Blanc" "Img1"
"94" 24 10789.33 4820.68 5712 5712 20784 20.14 5 6 5.9 5.18 114.47 0.74 7.07 258944 9200 0.74 -0.69 258944 135 5 1.14 0.88 0.86 510.74 0.21 2625.59 0.76 2919.23 34061.18 "Blanc" "Img1"
"36" 11 7898.18 2188.31 5520 5520 11584 13.31 4 4 3.98 3.52 174.69 0.78 5 86880 7168 0.33 -1.37 86880 126.87 4 1.13 0.88 0.79 384.36 1.45 3208.99 0.77 2807.93 65033.97 "Blanc" "Img1"
"31" 16 6384 789 5456 5456 7824 18.73 5 6 4.59 4.44 158.2 0.57 6.32 102144 6336 0.53 -0.88 102144 108.43 5 1.03 0.97 0.68 1015.69 0.47 7949.25 1 3068.89 165037.42 "Blanc" "Img1"
"47" 5 8332.8 1678.3 5600 5600 9968 7.07 3 2 3.14 2.02 161.57 1 3.61 41664 8864 -0.9 -0.5 41664 146.31 2 1.55 0.64 0.91 283.7 0.06 3089.28 1.2 2192.85 63777.28 "Blanc" "Img1"
"67" 71 13548.85 9930.55 5440 5312 44928 40.53 12 11 10.38 8.71 28.5 0.54 12.21 961968 9392 1.56 1.64 961968 34.99 10.39 1.19 0.84 0.75 984.37 0.42 3650.58 1.06 3296.39 38575.85 "Blanc" "Img1"
"5" 174 28428.78 23704.23 65504 5344 65504 57.01 16 17 16.96 13.06 60.66 0.67 19.21 4946608 17328 0.66 -1.26 4946608 51.34 14.52 1.3 0.77 0.84 449.44 0.07 7926.67 3.3 49831.76 -6021485.69 "Blanc" "Img1"
"70" 5 6729.6 1475.07 5360 5360 9072 8.49 3 3 3.83 1.66 135 0.87 4.24 33648 6000 0.84 -0.74 33648 135 2.12 2.31 0.43 0.77 1605.86 1.42 5014.14 0.92 3338.22 45175.72 "Blanc" "Img1"
"30" 75 15309.01 13621.7 5488 5312 65504 39.11 11 10 11.25 8.49 47.07 0.62 13.45 1148176 10752 2.3 4.98 1148176 41.99 9.8 1.33 0.75 0.82 126.69 0.03 4024.4 1.28 6908.19 763445.76 "Blanc" "Img1"
"76" 6 7154.67 1329.65 5888 5888 9024 8.49 3 3 3.14 2.43 45 1 3.61 42928 7568 0.32 -1.52 42928 33.69 2.83 1.29 0.77 0.8 302.29 0.21 3533.11 1.22 2339.43 83519.13 "Blanc" "Img1"
"3" 19 7631.16 1658.43 6208 5360 11712 19.31 8 4 7.55 3.2 162.4 0.64 8.54 144992 7520 0.95 0.39 144992 159.44 4 2.36 0.42 0.79 379.2 0.11 7045.16 1.95 2462.66 278666.55 "Blanc" "Img2"
"6" 8 7230 1951.2 5328 5328 11360 10.49 4 3 4.27 2.39 146.98 0.91 5 57840 7168 1.18 0.55 57840 143.13 3 1.79 0.56 0.8 465.87 0.16 4008.78 1.56 2892.02 86238.93 "Blanc" "Img2"
"13" 5 6124.8 569.11 5520 5520 6976 7.66 3 2 3.14 2.02 161.57 1 3.61 30624 6032 0.53 -0.97 30624 146.31 2 1.55 0.64 0.91 831 0.04 4425.2 1.4 2775.4 56534.41 "Blanc" "Img2"
"14" 12 6557.33 1116.83 5408 5408 8688 19.56 6 5 4.33 3.53 28.74 0.39 6.4 78688 6288 0.94 -0.45 78688 51.34 4.92 1.22 0.82 0.57 979.26 1.14 6124.46 1.77 3652.06 120916.58 "Blanc" "Img2"
"22" 36 11522.22 7830.09 5344 5344 35808 22.38 8 7 7.23 6.34 167.76 0.9 8.25 414800 8528 1.81 2.35 414800 165.96 7 1.14 0.88 0.81 139.11 0.04 3577.03 1.24 3968.65 315595.6 "Blanc" "Img2"
"23" 6 5717.33 333.12 5792 5360 6304 8.49 3 3 3.14 2.43 135 1 3.61 34304 5792 0.85 -0.32 34304 123.69 2.83 1.29 0.77 0.8 911.81 0.14 4989.29 1.49 2709.51 63941.45 "Blanc" "Img2"
"24" 99 18493.41 16774.73 65504 5408 65504 40.53 12 13 11.79 10.69 48.98 0.76 13.15 1830848 11456 1.66 1.71 1830848 81.25 11.83 1.1 0.91 0.84 102.93 0.07 5676.16 1.28 6101.79 1651260.02 "Blanc" "Img2"
"34" 103 18808.23 17234.81 65504 5456 65504 46.18 14 12 13.53 9.69 31.91 0.61 15.62 1937248 10960 1.58 1.35 1937248 39.81 10.8 1.4 0.72 0.81 83.99 1.38 4462.57 0.61 5085.75 1042668.25 "Blanc" "Img2"
"35" 9 8346.67 2406.91 5872 5872 13712 9.66 3 3 3.39 3.39 0 1 4.24 75120 7856 1.21 0.77 75120 135 3 1 1 1 397.83 0.04 2724.67 1.08 3478.29 56110.07 "Blanc" "Img2"
"38" 26 6316.31 667.19 5696 5472 7920 25.46 7 7 6.76 4.9 58.82 0.5 8.6 164224 6160 0.7 -0.4 164224 35.54 6.01 1.38 0.72 0.68 725.42 0.29 8063.4 0.89 2678.89 207550.6 "Blanc" "Img2"
"39" 8 7764 1478.12 5904 5904 9376 9.07 3 3 3.54 2.88 135 1 4.24 62112 8672 -0.13 -1.74 62112 135 3 1.23 0.81 0.94 546.44 0.16 3702.17 1.22 3297.31 71492.06 "Blanc" "Img2"
"42" 169 12147.5 6736.16 6480 5312 33712 57.84 17 17 17.42 12.35 46.38 0.63 20.25 2052928 10064 1.28 1.11 2052928 32.91 13.72 1.41 0.71 0.82 339.99 1.04 6274.36 0.49 7213.03 721955.16 "Blanc" "Img2"
"43" 12 8285.33 2995.82 5424 5424 14112 16.14 5 4 4.23 3.62 32.18 0.58 5.83 99424 7184 0.74 -0.86 99424 30.96 4 1.17 0.86 0.73 315.05 1.3 3830.17 1.37 3111.72 125260.09 "Blanc" "Img2"
"49" 137 22425.46 18620.5 65504 5376 65504 47.6 16 14 14.68 11.88 5.32 0.76 16.12 3072288 14160 1.16 0.04 3072288 172.87 13.44 1.24 0.81 0.85 43.92 1.53 5526.39 0.53 2704.8 1627933.18 "Blanc" "Img2"
"50" 6 6450.67 485.35 5936 5936 7280 8.49 3 3 3.14 2.43 45 1 3.61 38704 6480 0.74 -0.55 38704 33.69 2.83 1.29 0.77 0.8 600.69 1.27 4340.71 0.92 2381.82 64582.44 "Blanc" "Img2"
"51" 45 9865.6 5996.84 6384 5312 32000 27.21 8 9 7.84 7.31 105.56 0.76 9.49 443952 7856 2.18 4.3 443952 108.43 8 1.07 0.93 0.82 202.31 0.04 3438.88 1.2 4751.23 240092.09 "Blanc" "Img2"
"54" 5 5923.2 379.37 5440 5440 6336 11.9 4 3 3.32 1.92 0 0.44 4.47 29616 6000 -0.22 -1.53 29616 153.43 3 1.73 0.58 0.56 402.47 0.29 40869.88 1.28 2147.41 7704587.02 "Blanc" "Img2"
"62" 136 26263.06 22566.79 65504 5312 65504 48.77 14 16 14.05 12.32 71.92 0.72 16.28 3571776 15200 0.8 -0.97 3571776 79.38 13.7 1.14 0.88 0.83 7.84 0.25 7336.81 0.83 -496.57 3060507.97 "Blanc" "Img2"
"64" 8 6962 1794.7 5696 5696 11328 10.49 4 3 3.65 2.79 34.72 0.91 4.47 55696 6464 2.11 2.77 55696 26.57 3 1.31 0.76 0.8 276.18 0.33 2847.65 0.96 3242.81 82312.96 "Blanc" "Img2"
"66" 57 12648.14 8266.96 7584 5312 38624 28.97 8 10 10.01 7.25 117.08 0.85 10.63 720944 9312 1.71 2.45 720944 131.19 8 1.38 0.72 0.87 141.75 1.37 4063.37 0.68 4902.31 493663.31 "Blanc" "Img2"
"74" 9 6984.89 1750.87 5376 5376 10640 12.73 5 3 4.3 2.66 16.85 0.7 5.39 62864 6416 1.23 0.13 62864 21.8 3 1.62 0.62 0.75 82.51 0.05 7890.58 1.33 1882.16 1228758.3 "Blanc" "Img2"
"77" 9 7267.56 2162.93 5328 5328 10176 9.9 4 3 3.92 2.92 159.7 1 4.47 65408 5760 0.36 -1.71 65408 153.43 3 1.34 0.75 0.86 370.38 1.56 1963.15 0.59 2945.66 26497.19 "Blanc" "Img2"
"79" 250 24465.54 23069.66 65504 5312 65504 80.81 19 23 19.92 15.98 87.77 0.48 24.35 6116384 11760 0.95 -0.8 6116384 109.18 18.57 1.25 0.8 0.78 981.63 1.2 5808.35 1.37 3260.01 96847.26 "Blanc" "Img2"
"86" 6 6792 1255.23 5344 5344 8512 10.49 4 3 3.41 2.24 23.42 0.69 4.47 40752 7440 0.16 -1.51 40752 26.57 3 1.53 0.66 0.67 285.91 0.05 3405.47 1.24 3944.12 138298.56 "Blanc" "Img2"
"87" 30 8053.33 3789.07 5552 5344 20816 27.8 6 9 7.12 5.36 91.21 0.49 9.49 241600 6208 1.76 2.62 241600 108.43 6 1.33 0.75 0.72 174.98 0.07 3147.4 0.67 3832.44 187574.32 "Blanc" "Img2"
"90" 6 5810.67 501.53 5360 5360 6784 12.73 5 3 4.72 1.62 154.39 0.47 5.83 34864 5744 1.4 0.59 34864 149.04 2.53 2.92 0.34 0.6 643.37 1.1 3571.1 0.35 3457.9 59248.03 "Blanc" "Img2"
"91" 20 6990.4 1410.65 5600 5392 9632 25.21 8 5 6.73 3.78 7.85 0.4 8.25 139808 6704 0.48 -1.07 139808 14.04 4.9 1.78 0.56 0.62 846.95 0.44 2832.51 1.05 3222.3 26385.53 "Blanc" "Img2"
"93" 5 6067.2 167.58 5824 5824 6272 11.31 3 4 3.99 1.6 61 0.49 5 30336 6096 -0.33 -0.89 30336 53.13 2.53 2.5 0.4 0.59 201.97 0.24 4408.81 1.27 3314.28 275757.53 "Blanc" "Img2"
"95" 6 7304 1097.5 6064 6064 8544 7.66 2 3 3.39 2.26 90 1 3.61 43824 8096 -0.07 -1.78 43824 123.69 2 1.5 0.67 1 1391.53 0.16 6746.01 1.14 3579.27 101181.1 "Blanc" "Img2"
"101" 53 14477.58 15371.66 5568 5344 65504 30.87 9 10 8.44 7.99 72.39 0.7 10.2 767312 8304 2.4 4.75 767312 78.69 8.94 1.06 0.95 0.81 78.88 0.88 2550.53 0.43 5091.29 363053.83 "Bacterie" "Img2"
"103" 8 7172 1980.03 5504 5504 10496 9.07 3 3 3.54 2.88 45 1 4.24 57376 6656 0.98 -0.76 57376 45 3 1.23 0.81 0.94 387.65 1 2408.3 0.52 2802.69 36250.46 "Bacterie" "Img2"
"108" 66 17127.52 17984.16 65504 5328 65504 36.53 9 12 11.13 7.55 74.86 0.62 13 1130416 8992 1.77 1.87 1130416 67.38 9 1.47 0.68 0.8 70.06 0.11 2943.23 0.59 4669.88 499320.4 "Bacterie" "Img2"
"109" 193 16058.94 17300.48 65504 5376 65504 69.5 14 22 21.02 11.69 98 0.5 22.36 3099376 8320 2.05 2.91 3099376 79.7 14 1.8 0.56 0.82 80.43 0.9 2920.36 0.61 5385.52 493775.92 "Bacterie" "Img2"
"112" 14 18081.14 10645.58 6464 6464 38128 12.49 4 4 4.48 3.98 180 1 5 253136 15696 0.67 -0.94 253136 126.87 4 1.12 0.89 0.93 95.84 0.87 2776.45 0.7 3339.32 232273.91 "Bacterie" "Img2"
"114" 165 18522.86 18965.1 65504 5312 65504 60.43 14 17 16.14 13.02 68.55 0.57 19.42 3056272 9408 1.73 1.57 3056272 55.49 14 1.24 0.81 0.82 12.33 0.02 5565.43 0.71 838.1 1846093.42 "Bacterie" "Img2"
"119" 149 17975.41 18597.92 65504 5328 65504 60.43 14 16 15.46 12.27 67.75 0.51 17.2 2678336 9264 1.79 1.83 2678336 35.54 13.82 1.26 0.79 0.81 50.12 0.06 5266.73 0.77 3378.34 1617648.89 "Bacterie" "Img2"
"121" 99 16674.26 17379.75 65504 5328 65504 49.84 11 15 13.35 9.44 67.07 0.5 15.52 1650752 8720 2 2.76 1650752 75.07 11 1.41 0.71 0.77 87.15 1.01 4463.61 0.77 5708.8 1128426.92 "Bacterie" "Img2"
"125" 37 13058.16 12136.16 5696 5312 55648 26.63 7 8 7.01 6.72 116.85 0.66 9.22 483152 7872 2.09 3.72 483152 40.6 7 1.04 0.96 0.75 88.8 1.43 2517.97 0.78 4196.74 259092.65 "Bacterie" "Img2"
"128" 49 16496.33 17465.76 65504 5344 65504 31.8 10 10 8.44 7.4 66.94 0.61 11.66 808320 8400 1.91 2.36 808320 30.96 9.19 1.14 0.88 0.73 72.45 1.18 3183.01 0.81 4790.84 579325.67 "Bacterie" "Img2"
"139" 73 15625.42 17051.74 65504 5328 65504 49.36 12 12 10.64 8.74 75.46 0.38 13.6 1140656 8624 2.16 3.46 1140656 53.97 10.6 1.22 0.82 0.68 80.21 1.39 3497.42 0.88 5414.49 713958.9 "Bacterie" "Img2"
"140" 36 14357.33 13413.69 5696 5696 57216 22.38 7 8 7.09 6.46 108.69 0.9 8.25 516864 7952 1.91 2.67 516864 104.04 7 1.1 0.91 0.85 85.79 1.56 2590.51 0.88 4349.56 294195.16 "Bacterie" "Img2"
"145" 175 18854.22 19129.57 65504 5328 65504 60.77 17 15 15.75 14.15 67.62 0.6 17.26 3299488 9552 1.66 1.32 3299488 10.01 15 1.11 0.9 0.86 8.98 1.55 6774.29 0.9 -604.44 2743650.01 "Bacterie" "Img2"
"149" 86 15732.28 17431.15 65504 5344 65504 44.77 12 13 12.5 8.76 68.05 0.54 14.21 1352976 8592 2.09 2.97 1352976 50.71 10.12 1.43 0.7 0.74 80.11 0.19 3926.28 0.92 5413.72 900805.85 "Bacterie" "Img2"
"153" 147 18880.22 18483.01 65504 5312 65504 67.15 13 17 16.15 11.59 70.87 0.41 18.87 2775392 10640 1.63 1.34 2775392 57.99 12.3 1.39 0.72 0.8 15.2 1.39 6613.59 0.94 1007.23 2529001.38 "Bacterie" "Img2"
"155" 147 17895.29 18489.2 65504 5424 65504 65.74 14 16 15.19 12.32 71.17 0.43 17.8 2630608 9136 1.78 1.77 2630608 51.84 14 1.23 0.81 0.78 22.17 0.65 6865.3 0.94 1509.35 2785651.21 "Bacterie" "Img2"
"163" 18 14324.44 10814.6 5824 5584 38816 17.9 4 6 6.16 3.72 68.94 0.71 7.21 257840 10976 1.2 0.19 257840 56.31 4 1.66 0.6 0.86 96.13 0.32 2729.42 0.96 3471.1 232619.73 "Bacterie" "Img2"
"166" 156 16913.74 17316.44 65504 5312 65504 61.74 15 17 16.13 12.31 60.14 0.51 19.85 2638544 9440 1.98 2.72 2638544 40.91 14.4 1.31 0.76 0.78 55.81 0.01 5473.68 0.97 3716.43 1725871.48 "Bacterie" "Img2"
"167" 76 14527.58 15241.28 65504 5328 65504 38.28 9 12 11.35 8.52 89.77 0.65 13 1104096 8432 2.31 4.41 1104096 67.38 9 1.33 0.75 0.82 85.17 0.17 3490.71 0.97 5489.34 679005 "Bacterie" "Img2"
"169" 30 13850.67 12007.29 5600 5344 48912 20.14 6 7 6.73 5.67 94.78 0.93 7.62 415520 8240 1.63 1.59 415520 113.2 6 1.19 0.84 0.83 94.21 0.17 2889.56 0.98 4073.6 312190.16 "Bacterie" "Img2"
"172" 75 16268.8 17881.54 65504 5312 65504 42.53 10 12 11.34 8.42 59.39 0.52 13.45 1220160 8624 2.08 2.85 1220160 41.99 9.9 1.35 0.74 0.79 71.17 0.46 4177.29 1 4897.64 1038439.16 "Bacterie" "Img2"
"174" 23 11579.13 8834.22 5344 5344 36160 19.56 7 6 6.51 4.5 25.2 0.76 7.62 266320 6448 1.52 1.29 266320 23.2 6 1.45 0.69 0.72 125.36 0.56 3000.29 1.05 3879.13 240833.4 "Bacterie" "Img2"
"177" 164 20206.05 19671.79 65504 5328 65504 64.67 14 19 17.27 12.09 73.82 0.49 19.72 3313792 10192 1.38 0.52 3313792 59.53 14 1.43 0.7 0.78 50.95 0.57 9441.94 1.1 -3582.12 5421892.4 "Bacterie" "Img2"
"178" 122 20718.16 19495.33 65504 5344 65504 49.36 13 16 15.01 10.35 66.8 0.63 16.76 2527616 11104 1.41 0.62 2527616 72.65 12.07 1.45 0.69 0.82 7.08 1.53 6787.08 1.11 458.2 2696127.24 "Bacterie" "Img2"
"179" 10 9011.2 2767.65 5568 5568 13840 11.07 4 3 4.05 3.14 153.43 1 5 90112 8224 0.53 -1.05 90112 143.13 3 1.29 0.78 0.91 307.91 0.17 3125.13 1.11 3143.34 86192.61 "Bacterie" "Img2"
"180" 125 17556.35 18205.1 65504 5424 65504 56.18 14 15 13.66 11.65 60.62 0.5 16.16 2194544 9904 1.88 2.11 2194544 68.2 13.72 1.17 0.85 0.8 74.04 0.53 6029.29 1.12 4979.54 2114125.94 "Bacterie" "Img2"
"181" 79 17334.28 18186.94 65504 5344 65504 41.36 10 13 11.35 8.86 79.71 0.58 13.34 1369408 9408 1.92 2.31 1369408 77.01 10 1.28 0.78 0.77 80.24 0.24 4558.12 1.13 5410.46 1211350.85 "Bacterie" "Img2"
"183" 129 18037.21 18736.98 65504 5376 65504 55.01 13 16 14.6 11.25 78.37 0.54 16.4 2326800 8992 1.72 1.58 2326800 52.43 12.63 1.3 0.77 0.81 53.67 0.22 6498.25 1.18 3557.26 2421049.74 "Bacterie" "Img2"
"185" 63 17478.86 18080.95 65504 5344 65504 34.04 10 10 9.44 8.5 72.7 0.68 12.21 1101168 9504 1.84 2.09 1101168 55.01 9.43 1.11 0.9 0.81 75.9 0.07 3995.41 1.18 5093.62 926331.32 "Bacterie" "Img2"
"186" 129 17403.16 17712 65504 5312 65504 53.25 13 16 14.61 11.24 67.63 0.57 17.09 2245008 9200 1.93 2.47 2245008 69.44 12.61 1.3 0.77 0.79 90.74 0.01 5594.15 1.23 5869.97 1750336.73 "Bacterie" "Img2"
"190" 5 5878.4 333.63 5504 5504 6304 9.07 4 2 3.73 1.71 174.85 0.76 4.12 29392 5856 0.15 -1.48 29392 165.96 2 2.19 0.46 0.77 1007.85 0.01 3992.2 1.43 3051.52 41711.96 "Bacterie" "Img2"
"193" 79 18878.38 17779.74 65504 5328 65504 41.11 11 12 11.54 8.72 58.14 0.59 13.89 1491392 11152 1.72 1.67 1491392 59.74 10.6 1.32 0.76 0.75 88.39 0.68 7167.07 1.76 5607.69 2817674.67 "Bacterie" "Img2"
