"parfu" "propi" "butyr" "tferm" "tsoup" "tgran" "tcoll" "tfond" "tcara" "ginte" "gacid" "gsale" "gsucr" "gpiqu" "gfrui" "gamer" "gcara" "bien.conforme" "plutot.bien.conforme" "conforme" "plutot.pas.conforme" "inacceptable" "conformit..moyenne" "nbre.notes" "..conf.." ".medium" ".conf" "Sbin" "Ster"
"1" 5.1 4 3.7 3.8 4.8 3.7 3.3 3 3.9 5.6 4.8 4.3 3.9 4.1 3.4 3.2 3.6 0 0 11.1 77.8 11.1 2 9 0 11.1 88.9 1 1
"2" 4.7 3.9 3.4 5.2 3 4 3.3 4 3.6 5.8 4.3 4.9 4 4.3 4.8 3.2 3.7 11.1 22.2 66.7 0 0 3.4 9 33.3 66.7 0 2 2
"3" 4.7 4.2 2.9 3.7 3.3 2.8 3.4 4.7 3.9 5.7 4.3 4.7 3.9 4.2 4.9 3 4 11.1 66.7 11.1 0 11.1 3.7 9 77.8 11.1 11.1 2 3
"4" 5.3 4.6 3.9 3 3.6 2.4 3.4 5.4 4.2 5.6 4.2 4.6 4 4.2 4.9 4.1 4 33.35 33.35 11.1 0 22.2 3.6 9 66.7 11.1 22.2 2 2
"5" 4.3 4 2.6 3.9 4.1 3.3 2.9 4.2 3.7 5.1 4 4.3 3.9 4 4.3 3.8 4 22.2 0 44.5 22.2 11.1 3 9 22.2 44.5 33.3 2 2
"6" 4.7 4 3.5 4.5 4.6 3.3 3.5 4.2 4.4 4.9 3.6 4.2 3.2 3.5 4 3.2 3.9 42.9 28.6 14.3 0 14.3 3.9 7 71.5 14.3 14.3 2 3
"7" 3.6 3.7 2.6 4.1 4.4 3.1 3.4 4.5 4.1 4.5 3.4 3.5 3.2 3 4.2 2.6 4.3 14.3 14.3 57.1 14.3 0 3.3 7 28.6 57.1 14.3 2 2
"8" 5.4 3.9 4 4.1 3.9 2.5 3.9 4.9 4 5 4.2 4.2 3.1 4.1 3.8 2.9 3.6 28.6 57.1 14.3 0 0 4.1 7 85.7 14.3 0 2 3
"9" 4 3.8 2.6 4.5 4 4.1 3.3 3.3 4.1 4.5 3.1 3.9 3.3 3.1 3.8 3.2 3.5 14.3 28.6 28.6 28.6 0 3.3 7 42.9 28.6 28.6 2 2
"10" 5 4.2 3.3 4.7 4.3 3.8 3.7 3.5 3.8 4.8 3.6 4 3 3.3 3.3 3.1 3.7 14.3 28.6 28.6 14.3 14.3 3.1 7 42.9 28.6 28.6 2 2
"11" 4.9 4.1 3.3 3.1 5.3 2.9 3.4 4.6 4.9 5.4 3.5 4.1 2.9 3.9 4.3 4 4.3 50 25 25 0 0 4.25 4 75 25 0 2 3
"12" 4.8 3.9 3.4 4.4 4 5.1 3.4 3.5 4 4.5 2.8 3.4 2.6 3 3.4 3.6 4 0 0 50 25 25 2.25 4 0 50 50 1 1
"13" 3.3 2.8 2.5 3.1 3.6 5.4 3 3.3 2.4 3.9 2.9 3.3 2.6 2.6 3.4 3.3 3.1 25 0 50 0 25 3 4 25 50 25 2 2
"14" 4.9 3 3.4 3.6 4.6 3.1 4.4 4 3.5 4.8 2.9 3.8 2.8 2.5 3.4 3.1 3.5 75 25 0 0 0 4.75 4 100 0 0 2 3
"15" 4.3 4.3 3.6 3.9 4.4 4.4 3.4 3.8 4.4 4.6 3.1 3.8 2.8 2.8 3.9 3.3 4.3 25 0 50 0 25 3 4 25 50 25 2 2
"16" 4.5 3.4 3 3.8 4.8 2.4 3.3 4.3 4 3.9 2.6 3.6 3 2.8 3.3 2.8 3.8 75 25 0 0 0 4.75 4 100 0 0 2 3
"17" 4.1 4.3 2.8 4.8 4.5 3.6 2.9 4.1 4.8 4.8 3.4 4 3.3 3.7 4 3.6 4.4 0 75 25 0 0 3.75 4 75 25 0 2 3
"18" 4.6 3.6 3.6 4.4 4.2 3.9 3.1 3.8 4.3 4.7 4.4 3.7 3.1 3.8 3.3 4.1 2.8 0 0 0 75 25 1.75 4 0 0 100 1 1
"19" 4.2 4.4 2.6 3.8 4.3 2.8 3.8 4.3 3.6 4.8 3.7 3.8 3 4 3.5 3.9 3.3 75 25 0 0 0 4.75 4 100 0 0 2 3
"20" 3.6 3.9 2.5 5.7 3.5 4.4 3.3 3 3.6 4.5 4.2 4.3 3.2 4.4 3.4 3.4 2.8 0 25 25 50 0 2.75 4 25 25 50 2 2
"21" 4.2 3.7 3.2 4.5 4.3 4.3 3.1 3.1 3.8 4.7 3.5 3.9 3.6 3.5 3.7 3.5 3.6 0 40 60 0 0 3.4 5 40 60 0 2 2
"22" 4.3 3.5 2.8 4.8 4.2 3.6 3.2 3.3 3.7 4.4 3.8 4.2 3.5 3.5 3.6 3.5 3.5 60 20 20 0 0 4.4 5 80 20 0 2 3
"23" 3.5 3.4 2.4 4.9 4.2 4.1 2.8 3 3.6 3.8 3.1 3.1 2.9 2.8 3.4 2.8 3.3 20 20 40 20 0 3.4 5 40 40 20 2 2
"24" 4.1 3.3 2.5 4.9 4 4.1 3.3 3.2 3.6 3.8 3.4 3.3 2.4 3.4 2.8 3.1 3.6 0 40 40 20 0 3.2 5 40 40 20 2 2
"25" 4 3.4 2.8 4 4.1 3.2 3.7 3.9 3.9 4.8 4.3 4.5 3.5 4.5 3.5 3.8 3.3 80 20 0 0 0 4.8 5 100 0 0 2 3
"26" 3.8 2.8 2.8 5.3 3.8 4 2.9 2.5 3.5 3.6 2.9 3.1 2.3 2.4 2.4 4.4 2.5 0 0 40 60 0 2.4 5 0 40 60 1 1
"27" 3.9 3.3 2.1 4.1 4.3 2.4 4.3 4.1 3.3 4 3 3.3 2.1 2.9 2.6 2.9 3.1 20 60 20 0 0 4 5 80 20 0 2 3
"28" 4.6 3 2.8 3.8 4.1 2.1 4.3 4.1 3 4.5 3.6 3.8 2.4 4.1 3 2.9 3.1 20 20 20 40 0 3.2 5 40 20 40 2 2
"29" 3.3 2.8 2.1 2.9 4.6 2 3.5 4.9 4.1 3.9 3.1 3 2.5 3.4 3.1 2.8 3.9 20 80 0 0 0 4.2 5 100 0 0 2 3
"30" 3.9 3.4 3 3.4 4.4 2.6 3.4 4.1 4 4.1 3 3.4 2.6 3.8 3.1 3.3 3.9 0 60 40 0 0 3.6 5 60 40 0 2 3
"31" 5.1 3.4 4.7 2.6 4.2 2.6 4 4.3 3.4 4.9 4.1 4.1 2.7 3.9 4 3.1 3.6 20 0 20 60 0 2.8 5 20 20 60 1 1
"32" 5.2 3.4 4.9 4.7 4.1 3.4 4.1 3.7 3.7 5.1 4 3.9 2.9 3.7 3.9 3.3 3.2 20 0 60 20 0 3.2 5 20 60 20 2 2
"33" 4.3 3.4 3.9 4.6 3.8 3.9 3.4 3.4 3.1 5.3 3.8 4.4 3.1 4.3 3.4 3.2 3.2 0 40 40 20 0 3.2 5 40 40 20 2 2
"34" 4.9 4 3.6 3.6 4.6 3.3 3.3 3.6 4 4.8 3.8 3.9 3.1 3.6 3.9 4.2 3.4 40 0 40 20 0 3.6 5 40 40 20 2 2
"35" 4.3 3.6 2.8 4.3 3.6 2.7 4.1 4.6 3.9 5.4 4.3 4.2 3.3 3.8 4.2 4 3.3 40 20 40 0 0 4 5 60 40 0 2 3
"36" 3.9 3.4 2.5 4.6 4 5.4 3.3 2.5 3 3.1 2 3 2.5 2.6 3 2.3 2.8 0 14.3 28.6 42.8 14.3 2.4 7 14.3 28.6 57.1 1 1
"37" 4.6 3.9 3.5 3.5 4.2 3 3.3 4.2 4.8 4.5 3.2 3.7 2.9 3.1 4.1 3.6 4.5 28.6 42.8 14.3 14.3 0 3.9 7 71.4 14.3 14.3 2 3
"38" 4 2.9 3.1 5.4 3.1 4.7 3.1 2.8 3.5 4.7 3.7 4 2.2 3.4 3.1 3.6 3.4 0 0 100 0 0 3 7 0 100 0 2 2
"39" 4.8 3.5 3.5 3.7 3.9 3.1 3.8 4 3.5 4.8 3.4 3.9 2.6 3.2 3.5 3.9 3.2 0 28.6 57.1 14.3 0 3.1 7 28.6 57.1 14.3 2 2
"40" 4 3.2 3.2 3.8 4.1 2.8 3.6 4.1 4.1 4.5 3.2 3.4 2.5 3.3 3.1 3.7 3.2 14.3 57.1 28.6 0 0 3.9 7 71.4 28.6 0 2 3
"41" 4.5 3.6 3.5 4.7 3.6 4.4 3.3 3.2 2.8 4.8 4 4.3 3.4 4.3 3.6 4.2 2.9 11.1 11.1 33.3 44.4 0 2.9 9 22.2 33.3 44.4 1 1
"42" 4.6 4.5 3.5 3.4 3.9 2.5 4.1 3.6 3.3 4.4 3 3.3 3 3.3 3.7 3.3 3.4 22.2 11.1 44.4 11.1 11.1 3.2 9 33.3 44.4 22.2 2 2
"43" 4.7 4 3.2 3.2 4.7 2.7 3.7 4.4 4 4.9 3.1 3.8 3.2 3.1 4.1 3.4 3.5 22.2 44.4 11.1 22.2 0 3.7 9 66.6 11.1 22.2 2 2
"44" 5.1 3.3 4.2 3.8 3.9 3.7 3.7 3.1 3.4 4.9 3.1 4.4 3.5 3.4 3.5 3.5 2.9 0 11.1 11.1 66.7 11.1 2.2 9 11.1 11.1 77.8 1 1
"45" 3.8 3.5 3 2.8 4.2 3.1 3.2 3.7 3.4 4.7 2.8 3.4 3.4 3 3.2 3 2.3 11.1 44.4 22.2 11.1 11.1 3.3 9 55.5 22.2 22.2 2 2
"46" 4.8 4.1 3.1 3 4.3 3.3 3.6 3.2 3.1 4.7 3.9 4.1 3 4 3 3.6 2.3 11.1 22.2 22.2 44.4 0 3 9 33.3 22.2 44.4 2 2
"47" 4.6 3.9 3.6 5 3 4.6 3.2 2.9 3.1 4.6 4.5 4.8 3.4 4.7 3.6 3.8 2.7 0 11.1 55.6 33.3 0 2.8 9 11.1 55.6 33.3 2 2
"48" 4.1 3.6 3.6 3.1 4 2.1 4.3 4.8 3.5 4.5 3.7 3.8 3.7 3.5 3.6 3.4 2.9 33.3 55.6 0 11.1 0 4.1 9 88.9 0 11.1 2 3
"49" 4.8 4.2 3.2 3.8 3.5 3.9 3.6 3.5 3.3 5.1 4.4 4.5 3.2 4.8 4.1 3.6 3.1 11.1 22.2 55.6 11.1 0 3.3 9 33.3 55.6 11.1 2 2
"50" 4.4 3.8 3.1 3 3.8 2.5 3.8 3.9 3.2 4.8 4.2 3.9 3.5 4.5 3.4 4.7 2.4 33.3 44.4 22.2 0 0 4.1 9 77.7 22.2 0 2 3
"51" 3.5 2.6 2.8 2.7 4.2 2.9 3.3 3.7 3.1 5 3.9 3.5 3.3 4.1 3.8 4 2.8 33.3 0 55.6 11.1 0 3.6 9 33.3 55.6 11.1 2 2
"52" 3.7 4.1 3 3.7 4.2 4.4 2.7 2.6 3.2 3.8 2.9 3.1 2.9 3 3.4 3.5 3.2 11.1 11.1 22.2 55.6 0 2.8 9 22.2 22.2 55.6 1 1
