Sample No.	Label	x	Y	z gps	pHCaCl2	pHH2O	OC	Total N	CEC metson	Clay	Ca	Mg	K	Na	Al
1390	1	297528,122	2353955	45,64	5,55	6,29	10,118	1,155	7,02	14,8	5,606	0,041	0,233	0,035	0,054
1391	2	297502,012	2353954	44,4	5,61	5,92	17,834	1,602	8,25	16	6,783	0,064	0,269	0,035	0,05
1392	3	297475,929	2353954	42,84	5,76	6,35	12,036	1,387	7,47	15,5	6,265	0,07	0,322	0,029	0,05
1393	4	297450,136	2353954	41,32	6,86	7,57	10,206	1,268	6,51	16,1	3,054	0,053	0,177	0,027	0,05
1394	5	297424,358	2353954	39,93	5,85	6,35	11,468	1,319	6,94	14,8	6,607	0,051	0,147	0,034	0,05
1395	6	297540,839	2353926	44,12	4,98	5,57	12,228	1,319	6,74	15	4,351	0,039	0,263	0,041	0,05
1396	7	297514,477	2353927	43,1	5,64	6,09	9,604	1,094	6,38	14,9	4,973	0,051	0,277	0,039	0,05
1397	8	297489,007	2353926	41,94	5,62	6,11	12,027	1,352	7,23	16,5	5,781	0,066	0,224	0,034	0,05
1398	9	297462,946	2353927	41,01	5,43	6	10,533	1,193	6,31	15,2	4,686	0,057	0,194	0,029	0,05
1399	10	297437,242	2353927	40	5,61	5,96	10,148	1,195	6,52	14,6	5,614	0,045	0,196	0,063	0,05
1400	11	297411,347	2353927	39,14	6,18	6,58	10,198	1,256	6,29	14,8	5,5	0,056	0,095	0,052	0,05
1401	12	297385,366	2353927	37,96	5,34	6,09	13,165	1,421	6,95	16,6	5,648	0,06	0,204	0,056	0,05
1402	13	297360,236	2353927	37,22	5,28	5,95	14,478	1,65	6,95	17,9	5,047	0,092	0,239	0,054	0,05
1403	14	297333,523	2353927	36,61	4,88	5,37	15,629	1,774	7,7	21,4	4,701	0,114	0,2	0,049	0,05
1404	15	297307,593	2353927	36,57	5,46	6,03	15,27	1,752	7,7	19,9	5,528	0,122	0,225	0,084	0,05
1405	16	297554,234	2353900	43,5	5,04	5,59	11,848	1,294	6,68	15,6	4,138	0,049	0,345	0,03	0,05
1406	17	297527,761	2353900	42,42	5,66	6,13	9,802	1,079	6,09	14,6	4,255	0,039	0,268	0,063	0,05
1407	18	297501,984	2353900	40,9	5,87	6,36	12,889	1,392	6,73	15,2	5,568	0,06	0,342	0,062	0,05
1408	19	297476,01	2353900	40,04	5,99	6,26	10,53	1,199	6,92	15,7	6,747	0,049	0,102	0,03	0,05
1409	20	297450,264	2353900	38,81	6,01	6,52	10,18	1,207	6,7	14,6	6,404	0,054	0,133	0,038	0,05
1410	21	297424,453	2353900	37,97	5,91	6,32	10,869	1,228	6,32	14,3	5,798	0,05	0,2	0,034	0,05
1411	22	297398,595	2353900	37,05	5,85	6,24	12,257	1,362	7,05	15,9	5,784	0,087	0,174	0,075	0,05
1412	23	297372,607	2353900	36,22	5,21	5,71	15,348	1,665	7,08	18,4	4,948	0,102	0,141	0,083	0,05
1413	24	297346,757	2353900	35,41	5,21	5,66	15,249	1,636	7,07	19,6	4,543	0,094	0,208	0,073	0,05
1414	25	297321,076	2353900	34,97	5,45	6,02	17,231	1,885	8,28	22,2	5,662	0,108	0,212	0,051	0,05
1415	26	297298,678	2353901	34,87	6,35	6,7	16,538	1,947	10,6	28,2	9,664	0,153	0,148	0,122	0,05
1416	27	297308,661	2353873	34,07	5,92	6,6	17,915	2,087	10,77	27,8	8,61	0,146	0,188	0,065	0,05
1417	28	297334,618	2353873	34,61	5,69	6,09	16,598	1,876	9,24	25	7,054	0,142	0,132	0,077	0,05
1418	29	297360,865	2353873	35,85	5,78	6,19	13,956	1,504	7,24	17,8	5,699	0,114	0,111	0,119	0,05
1419	30	297386,912	2353873	36,7	6,04	6,42	11,881	1,278	7,04	14,8	6,585	0,08	0,085	0,086	0,05
1420	31	297412,602	2353873	37,44	6,05	6,53	9,227	1,061	6,1	13,1	5,77	0,086	0,086	0,071	0,05
1421	32	297438,642	2353873	38,21	5,83	6,23	11,116	1,137		12,1	5,107	0,054	0,172	0,027	0,05
1422	33	297464,119	2353873	39,52	5,73	6,3	9,586	1,054	6,51	13,7	5,542	0,054	0,141	0,025	0,05
1423	34	297490,171	2353873	40,49	5,56	5,78	9,765	1,066	6,48	13,4	5,248	0,054	0,176	0,023	0,05
1424	35	297516,104	2353874	41,42	5,86	6,55	12,586	1,3	7,39	14,2	5,707	0,061	0,242	0,024	0,05
1425	36	297541,875	2353874	42,59	5,43	5,89	10,724	1,129	6,47	14,2	4,426	0,051	0,233	0,027	0,05
1426	37	297554,175	2353847	42,24	4,85	5,47	11,065	1,168	6,25	14,1	3,478	0,036	0,263	0,026	0,083
1427	38	297528,433	2353848	41,5	5,45	6,01	10,132	1,043	6,09	14	4,428	0,044	0,193	0,033	0,05
1428	39	297502,513	2353848	40,61	5,65	6,21	11,915	1,191	6,8	14,1	5,602	0,059	0,264	0,028	0,05
1429	40	297476,923	2353848	40,05	5,78	6,2	9,698	1,06	6,43	13,9	5,345	0,059	0,193	0,027	0,05
1430	41	297451,136	2353848	39,48	5,8	6,42	9,265	1,031	6,43	14,1	5,264	0,052	0,18	0,032	0,05
1431	42	297424,74	2353848	38,71	5,94	6,45	8,75	1,004	6,15	14	5,501	0,045	0,147	0,03	0,05
1432	43	297399,069	2353848	37,9	5,91	6,42	9,778	1,089	6,74	14	5,566	0,058	0,183	0,04	0,05
1433	44	297373,328	2353848	37,22	6,04	6,58	10,219	1,176	6,74	15	6,052	0,063	0,152	0,038	0,05
1434	45	297347,342	2353848	36,26	6,29	6,71	10,76	1,226	6,95	15,4	6,456	0,073	0,132	0,077	0,05
1435	46	297321,007	2353847	35,65	6	6,62	12,73	1,399	7,18	16,1	6,742	0,055	0,288	0,073	0,05
1436	47	297334,957	2353820	35,24	6,2	6,76	9,294	1,134	6,19	14,7	5,844	0,053	0,158	0,056	0,05
1437	48	297360,147	2353820	36,04	5,6	6,23	9,471	1,132	6,35	15,1	5,348	0,049	0,148	0,031	0,05
1438	49	297386,176	2353820	36,99	5,57	6,17	10,281	1,182	6,68	15	5,412	0,052	0,173	0,029	0,05
1439	50	297412,187	2353819	37,73	5,67	6,27	10,396	1,187	6,45	14,5	5,335	0,053	0,173	0,031	0,05
1440	51	297438,259	2353820	38,57	6,13	6,7	9,964	1,206	6,83	16,1	6,713	0,059	0,144	0,036	0,05
1441	52	297464,538	2353820	38,4	5,72	6,27	8,744	1,072	6,52	16,5	5,717	0,064	0,122	0,04	0,05
1442	53	297490,1	2353820	38,97	5,96	6,55	10,745	1,193	6,67	15,9	6,192	0,078	0,223	0,045	0,05
1443	54	297516,538	2353823	39,15	5,87	6,4	14,62	1,552	8,55	15,7	6,675	0,058	0,387	0,03	0,05
1444	55	297542,039	2353820	40,07	5,51	6,03	12,865	1,343	7,55	15,6	5,716	0,048	0,311	0,024	0,05
1445	56	297373,806	2353793	35,08	5,83	6,41	8,207	1,008	6,5	15,6	5,398	0,058	0,206	0,027	0,05
1446	57	297347,71	2353793	34,81	6,15	6,57	9,595	1,08	6,03	14,5	5,379	0,044	0,208	0,029	0,05
1447	58	297325,983	2353792	33,51	6,18	6,66	10,981	1,26	6,85	15,8	7,332	0,051	0,191	0,029	0,05
1448	59	297397,899	2353955	38,06	5,74	6,58	10,116	1,244	6,46	15,4	5,608	0,107	0,092	0,123	0,05
1449	60	297576,216	2353825	41,13	5,23	6,06	10,086	1,176	6,27	15	5,311	0,047	0,251	0,029	0,05
1450	61	297399,411	2353797	35,12	5,94	6,26	10,147	1,18	6,51	15,7	5,495	0,071	0,218	0,036	0,05
1451	62	297565,81	2353874	42,42	5,41	5,81	11,116	1,218	6,65	15,2	4,528	0,044	0,249	0,034	0,05
