"Groupe"	"Rendement"	"DensitePDIE"	"DensitePDIN"	"DensiteUFL"	"EnsilageHerbe"	"EnsilageMais"	"Foin"	"Fibro"	"Base"	"CLysine"	"Cmethionine"	"ApportLysine"	"ApportMethionine"	"MStotale"	"NoteIngestion"	"ETroupeauLB"	"ETroupeauTP"	"DeltaLB"	"StadeLactation"	"TPinitial"
"1290"	"methionine"	0	50	52	0.91	59.7	0	40.3	31.6	0	45.2	44.2	6.9	1.86	18.1	8	5945	28.79	2.335	145.4	31.595
"4102"	"temoin"	0	58	59	0.91	53.8	0	46.2	31.2	0	49.1	49	6.76	1.82	18.9	13	7225	30.79	-0.038095238	171.8095238	31.6
"6511"	"temoin"	0	109	119	0.9	54.9	0	0	13.7	73.1	21.7	21.7	6.79	1.9	16.7	18	5714	32.47	2.215789474	172.8421053	35.97368421
"3192"	"methionine"	0	58	64	0.87	75.2	0	24.8	27.2	28.3	44.8	45.6	6.87	1.88	17.2	14	6638	31.47	0.178947368	165.9210526	33.41578947
"6466"	"temoin"	0	51	49	0.85	27.3	0	27.3	23.3	100	31.3	31.3	6.97	1.89	14.3	13	4750	28.59	2.236363636	158.5454545	29.32727273
"2919"	"methionine"	0	66	67	0.8	51.7	0	48.3	22.2	100	29.5	31	6.71	1.92	18.6	11	6064	28.89	1.527272727	175.5454545	30.96363636
"4785"	"temoin"	0	64	74	0.92	86.2	0	13.8	30.7	100	49.9	48.5	6.99	1.76	20.9	16	5834	31.39	2.27	83.6	30.23
"8992"	"temoin"	1	69	65	0.88	48.3	0	51.7	24.7	81.5	36.4	38	6.87	1.9	19.3	9	5968	30.49	3	103.2142857	29.35714286
"9111"	"methionine"	0	69	76	0.95	79.3	10.3	10.3	27.7	55.6	51.6	50	6.9	1.82	20	15	8140	30.29	0.505263158	94.42105263	28.89473684
"1141"	"methionine"	0	75	81	0.88	7.7	23.1	23.1	19.2	85.7	27	26.8	6.8	1.87	16.1	11	5921	29.69	4.320833333	180.7083333	31.59166667
"6123"	"methionine"	0	68	64	0.92	57.1	35.7	7.1	24.6	0	41.3	42.4	6.79	1.9	18.6	15	7401	30.89	1.581818182	103.9545455	32.43181818
"5946"	"temoin"	0	76	80	0.92	43.3	43.3	13.3	24.7	53.6	40.1	39.8	6.79	1.81	19.9	7	6501	30.19	2.13	122.8	31.445
"4212"	"methionine"	0	61	70	0.92	56.1	43.9	0	25.7	59.6	44	40.4	6.88	1.83	17.8	10	7345	30.59	1.770588235	174.2352941	32.27647059
"1410"	"methionine"	1	94	97	0.9	49	45.8	5.2	19.8	30.2	44.2	43.4	6.98	1.91	19.1	11	8083	31.19	4.583333333	162.1666667	32.11666667
"3208"	"methionine"	1	61	60	0.93	37	48.1	14.8	25.3	80.8	38.6	40.1	6.7	1.91	18.1	14	7682	33.17	6.24	81.8	31.4
"4180"	"methionine"	1	82	80	0.91	19.4	52.8	27.8	27.6	80.8	41.5	41	6.84	1.83	24.9	18	7679	32.59	-3.081818182	202.1818182	32.01818182
"1014"	"temoin"	0	108	110	0.95	24.2	54.5	21.2	19.4	22.2	40.2	37.2	6.86	1.77	20.5	14	7517	30.29	-2.08	162.2	33.31666667
"6463"	"temoin"	0	97	95	0.93	27.6	55.2	17.2	20.3	0	45.4	42.1	6.91	1.85	18.2	14	6507	32.57	0.766666667	140.6296296	33.32222222
"4849"	"methionine"	0	80	87	0.93	31	55.2	13.8	21.1	100	44.5	39.7	6.99	1.79	18.4	11	7288	30.39	0.485714286	214.5714286	35.12142857
"9182"	"temoin"	0	95	87	0.87	26	55.2	18.8	20.5	22.2	36.4	38.4	6.66	1.86	19.4	20	7371	31.87	0.345	126.8	33.03
"3680"	"methionine"	1	95	99	0.91	0	56.3	6.3	20.2	100	36.8	33.6	6.84	1.85	20	9	7654	30.19	3.764705882	186.4117647	32.18235294
"4259"	"methionine"	0	98	99	0.9	28.6	57.1	14.3	16.3	0	33.5	31.3	6.83	1.88	16.7	14	5834	29.89	0.869444444	109.8055556	32.00277778
"8149"	"temoin"	0	87	92	0.93	30.7	57.1	12.3	22.6	100	43.8	39.5	6.98	1.8	21.1	14	7218	31.19	3.923529412	229.1176471	33.03529412
"2390"	"methionine"	1	61	64	0.97	33.3	59.3	7.4	33.1	13.2	54.2	53.6	6.83	1.85	20.2	14	7397	31.79	2.538888889	135.7777778	33.83888889
"5593"	"temoin"	1	65	65	0.92	33.8	60.8	5.4	30.6	20.3	51.1	50.7	6.89	1.91	21.3	15	8755	31.79	1.873684211	201.4736842	34.5
"1851"	"temoin"	0	78	76	0.92	32.3	61.3	6.5	21.4	62.5	36.8	33.9	6.96	1.86	19.7	13	7835	32.39	4.223809524	146.4761905	33.75238095
"5655"	"temoin"	0	86	94	0.92	25.8	61.3	12.9	21.3	100	43.7	39.9	6.97	1.83	19.7	7	5367	31.09	4.784615385	185.1153846	32.5
"6863"	"methionine"	0	92	88	0.89	0	61.5	38.5	15.5	100	33.4	30.2	6.9	1.84	15.4	10	4572	30.49	0.507142857	151.8571429	33.35
"9593"	"methionine"	1	74	77	0.91	31	62.1	6.9	23.3	20	41.4	40.8	6.83	1.91	18.9	16	7969	31.99	-0.543589744	151.9487179	32.61025641
"2700"	"temoin"	0	63	60	0.97	20.7	65.5	13.8	31	68.9	46.8	46.6	6.87	1.93	21	18	7202	31.89	1.55	98.08333333	31.74166667
"4851"	"methionine"	0	83	94	0.95	0	65.7	23.8	24.9	9.3	46.7	45.4	6.76	1.82	19.1	13	8415	30.29	3.43255814	155.4186047	32.7627907
"7700"	"methionine"	0	79	71	0.92	26.7	66.7	6.7	23.7	60.4	45.1	43	6.91	1.86	19.7	12	8184	31.79	2.338095238	180.1904762	35.4
"8842"	"temoin"	0	85	92	0.9	33.3	66.7	0	17.8	67.6	32.6	31.8	6.88	1.86	18.3	12	7575	31.09	1.725	157.6875	34.28125
"6200"	"temoin"	0	64	70	0.95	0	66.7	18.5	29.8	55.4	47.6	47.7	6.78	1.89	19.2	11	6032	30.39	-0.269230769	204.7692308	33.98461539
"2520"	"temoin"	0	83	79	0.95	20	66.7	13.3	19.4	53.7	33.9	31.3	6.88	1.86	18.6	18	6272	30.39	-0.1	144.1052632	30.51578947
"9725"	"temoin"	0	95	102	0.91	12.9	67.7	19.4	21.4	20.8	45.4	41.5	6.88	1.77	19.7	20	8521	31.49	1.470588235	167.0588235	33.51764706
"2009"	"methionine"	1	69	74	0.96	25	67.9	7.1	29	76.9	52.5	49	6.9	1.8	19.7	15	7325	31.89	2.561538462	191.3846154	32.7
"9922"	"temoin"	0	86	84	0.93	12.7	69.6	17.7	25.4	39.3	48.4	46.4	6.84	1.85	21.2	15	8088	31.69	1.9	124.5714286	32.35714286
"5235"	"temoin"	0	63	67	0.95	28.6	71.4	0	29	69.2	50.3	50.6	6.86	1.95	19.7	9	7483	30.39	1.94	164.15	34.685
"3860"	"methionine"	0	74	73	0.94	14.3	71.4	14.3	25	0	44.9	42.5	6.86	1.82	18.7	8	7054	30.19	2	111.6315789	32.18947368
"6629"	"temoin"	0	73	66	0.93	13.3	73.3	6.7	22.3	40.8	35.6	34.4	6.88	1.91	19.3	16	8599	31.69	3.190909091	204.6136364	33.80909091
"7846"	"methionine"	0	69	76	0.95	20	73.3	6.7	31.1	100	52.1	48.8	6.91	1.78	21.8	11	8761	31.79	1.373333333	63.33333333	31.07333333
"5652"	"temoin"	0	91	98	0.88	0	73.6	26.4	20.6	22.9	39.4	39.9	6.77	1.86	20.5	13	7321	32.59	1.764705882	198.7058824	34.8
"9790"	"methionine"	1	102	111	0.9	0	74.2	25.8	16.6	91.4	34.1	30.8	6.86	1.85	18.6	8	7140	30.99	4.055172414	221.3448276	33.17586207
"8188"	"methionine"	1	82	79	0.91	12.9	74.2	12.9	20.3	77.8	33.3	31.5	6.86	1.84	19.5	15	7082	32.59	2.8	158.4117647	31.8
"5681"	"methionine"	1	76	72	0.95	25.7	74.3	0	22.2	0	39.6	37.9	6.83	1.88	19	9	5122	30.99	2.078571429	94.28571429	27.62857143
"5495"	"temoin"	0	83	85	0.9	0	75	25	24.2	43.1	44.4	40.8	6.89	1.81	21.1	12	6671	30.39	1.790909091	172.8181818	31.77272727
"8749"	"methionine"	1	72	73	0.92	14.3	75	10.7	25.7	0	47	47	6.81	1.92	18.8	7	7149	31.69	-2.933333333	145.8888889	32.27222222
"2967"	"methionine"	1	81	91	0.92	17.3	75.5	7.2	22.6	0	46.7	46.5	6.83	1.89	17.9	12	7554	31.39	1.992	215.64	33.28
"6112"	"methionine"	1	98	100	0.95	0	75.7	11.2	19.2	100	40.3	35.9	6.87	1.82	18.8	15	8436	32.49	0.828571429	194.2857143	32.24761905
"2561"	"temoin"	0	112	112	0.9	0	78.1	21.9	16.1	42.9	34.2	31.1	6.82	1.79	19.1	18	6512	30.89	2.258064516	159.2903226	33.20645161
"7491"	"temoin"	0	60	55	0.96	0	78.3	21.7	23.4	62.5	38.1	39.4	6.68	1.94	15	7	5404	31.09	-1.042857143	224.8571429	34.45
"6271"	"methionine"	0	96	99	0.9	15.2	78.8	6.1	19.5	1.1	41.6	38	6.9	1.85	20.5	18	7783	31.69	1.541176471	230	37.41176471
"6076"	"temoin"	0	77	80	0.9	0	79.2	20.8	21.9	84.8	40.2	37.3	6.9	1.82	18.4	14	7318	30.89	2.03	193.65	32.255
"7281"	"methionine"	1	109	115	0.91	0	80	20	16.2	100	41.9	35.6	6.98	1.78	17.9	15	6257	31.09	3.982608696	185.0869565	32.07826087
"1133"	"temoin"	0	86	85	0.93	0	81.3	18.8	22.6	37.7	42.6	40.8	6.87	1.88	20.7	7	8307	31.99	3.572727273	152.8181818	31.86363636
"4442"	"methionine"	0	91	94	0.94	8.1	81.3	6.3	24.5	10.2	47.2	46.8	6.63	1.86	21.2	14	7872	30.69	2.7875	174.375	31.7625
"5859"	"methionine"	1	108	106	0.93	0	82.4	17.6	18.9	0	38.5	38.3	6.74	1.88	21	17	7502	30.69	1.445454546	117.5	28.80909091
"3161"	"methionine"	0	101	98	0.93	0	83.3	16.7	16.6	26.5	33.6	33.8	6.74	1.92	18	17	6076	30.09	2.046153846	192.3076923	32.34615385
"1806"	"methionine"	0	80	74	0.97	16.7	83.3	0	20.9	100	36.5	33.5	6.92	1.87	19	12	7139	31.49	2.41	132.3	32.2
"6670"	"temoin"	0	85	87	0.94	0	84.4	15.6	27.2	0	50.7	46.3	6.86	1.77	22	11	7552	30.19	0.669230769	212.9615385	33.75769231
"3640"	"methionine"	0	82	78	0.92	0	84.4	15.6	21.9	66.7	35.8	33.5	6.87	1.84	20.5	18	6735	31.69	2.4625	214.9375	33.41875
"1094"	"temoin"	1	103	98	0.91	0	84.4	15.6	17.3	47.4	34.6	33.5	6.8	1.86	19.3	8	7280	31.29	1.916666667	131.5	30.57222222
"7707"	"methionine"	1	86	88	0.91	0	84.5	15.5	20	0	41.8	39.3	6.81	1.83	18.5	12	6880	31.09	4.743478261	148.5217391	30.09130435
"6843"	"temoin"	0	100	102	0.9	0	85.3	14.7	20.9	19.6	48.8	48.7	6.93	1.97	21.5	13	7584	31.69	4.87	138.65	31.285
"4737"	"temoin"	1	61	61	0.93	0	85.4	14.6	28.5	69.4	47	44.8	6.88	1.86	19.2	7	6520	31.29	2.465517241	129.5862069	32.8862069
"6373"	"temoin"	0	70	64	0.95	0	85.7	14.3	24.6	32.7	44	41.7	6.81	1.85	18.6	10	6426	29.69	-0.836363636	121.4545455	31.68181818
"7285"	"methionine"	1	97	93	0.91	0	85.7	14.3	15.4	37.9	36.4	33	6.89	1.85	16.6	12	6716	30.69	2.230769231	143.3076923	30.18461539
"9374"	"methionine"	0	103	109	0.94	0	86.1	13.9	18.1	100	42.4	37	6.9	1.77	18.4	17	8498	30.99	2.157142857	207.7857143	35.78571429
"4488"	"methionine"	0	97	101	0.94	0	86.7	13.3	19	75	44.2	38.7	6.95	1.79	18.5	11	6571	30.99	-1.066666667	150.4444444	34.14444444
"8833"	"temoin"	1	77	65	0.99	0	86.7	13.3	24.7	44.6	40.7	41.8	6.72	1.92	19.9	11	7715	32.59	2.953846154	177.0512821	33.90769231
"7865"	"temoin"	1	86	82	0.95	0	86.7	13.3	27	0	54	49.9	6.85	1.8	20.5	14	6578	31.49	2.222222222	189.4444444	33.09444444
"5175"	"methionine"	1	97	97	0.91	0	86.7	13.3	18.2	5.3	39.5	38.8	6.76	1.89	18.3	13	8094	31.89	3.32631579	168.3684211	33.48421053
"9881"	"methionine"	0	58	54	0.92	7	86.8	6.2	28.7	61	47.8	48.9	6.59	1.92	18.1	17	9068	30.29	3.339130435	176.9565217	30.99565217
"8498"	"methionine"	1	110	113	0.94	0	87.1	12.9	16.6	77.1	39.7	34.2	6.93	1.81	18.6	13	7706	31.49	1.118181818	191.3636364	33.62727273
"1329"	"temoin"	0	94	93	0.93	0	87.5	12.5	21.6	20	44.4	40.5	6.82	1.81	20.4	20	8267	31.09	1.175	138.875	32.55416667
"2533"	"temoin"	1	82	77	0.93	0	87.5	12.5	24.8	58.3	44.6	43.1	6.78	1.87	21.3	14	7309	31.19	5.7375	143.9375	32.3375
"1661"	"methionine"	0	122	121	0.94	0	87.6	12.4	16.6	0	38.6	34	6.89	1.79	21.2	11	8184	31.69	2.589655172	132	32.74137931
"3006"	"methionine"	1	92	93	0.95	0	87.8	12.2	19.2	75	41.2	35.4	6.93	1.8	18.3	7	6687	30.99	0.435714286	200.9642857	32.55357143
"4907"	"temoin"	0	134	137	0.92	0	88.2	11.8	14.2	100	38.1	31.9	6.95	1.8	19.8	12	7465	30.09	1.782857143	184.2571429	33.37714286
"4373"	"methionine"	1	89	83	0.93	0	88.6	11.4	21.4	53.1	41.6	38.6	6.84	1.84	20.1	11	6171	32.29	3.733333333	129.0833333	31.41666667
"7822"	"temoin"	1	101	105	0.95	0	88.8	11.2	18.8	0	41.4	40	6.68	1.86	18.7	8	7496	29.69	2.571428571	209.9047619	31.3
"2893"	"temoin"	1	91	93	0.97	0	88.8	11.2	21.7	100	46.7	41.7	6.91	1.79	19.4	7	6114	32.19	-0.183333333	251.5	36.90833333
"7518"	"temoin"	0	79	78	0.92	0	88.9	11.1	19	50	38.8	37.4	6.79	1.88	16.7	12	5280	31.19	1.74	219.6	32.01333333
"8466"	"temoin"	1	81	87	0.93	0	88.9	11.1	25.3	22	45.6	44	6.72	1.86	20.5	12	6679	30.79	1.228571429	208.7142857	33.7
"2798"	"methionine"	1	76	72	0.93	0	88.9	11.1	19.9	100	36.3	32.9	6.9	1.84	16.8	18	6787	30.69	0.946153846	105.6538462	30.73076923
"4117"	"methionine"	0	99	102	0.95	0	89	11	19.6	74.4	43.9	38.7	6.92	1.8	19.3	12	6782	31.79	0.869230769	144.8846154	33.16538462
"4307"	"temoin"	0	104	101	0.93	0	89.2	10.8	17.2	13.5	38.6	37.6	6.84	1.91	19	16	7108	31.49	2.421052632	237	36.79473684
"1083"	"methionine"	1	108	116	0.91	0	89.2	10.8	18.3	0	45.7	45.2	7	1.97	19.2	15	8545	31.79	1.142857143	153.5	33.23571429
"7664"	"temoin"	0	77	80	0.95	0	89.3	10.7	25.7	0	50.7	45.9	6.87	1.78	18.8	18	7306	30.19	1.525	190.3958333	33.3875
"5861"	"temoin"	1	91	90	0.93	0	89.3	10.7	23	0	46.6	45.4	6.81	1.86	20.7	12	7852	30.99	2.186666667	169.6666667	32.96666667
"7785"	"methionine"	0	108	99	0.94	0	89.5	10.5	17.1	21.1	36.9	35.6	6.72	1.88	19.5	10	6249	32.29	0.042105263	200.3684211	36.01578947
"4872"	"methionine"	1	134	139	0.93	0	89.5	10.5	14.9	0	38.6	36.6	6.8	1.85	20.1	15	7555	31.29	3.193939394	180.4848485	32.24848485
"6385"	"temoin"	0	93	99	0.93	0	89.7	10.3	18.7	13.2	41	40.6	6.84	1.93	17.8	11	6064	29.99	2.966666667	191.1111111	33.17777778
"4027"	"temoin"	0	117	118	0.97	0	89.7	10.3	14.1	100	36.9	30.8	6.97	1.81	16.9	15	6654	33.59	3.184	225	37.368
"5376"	"methionine"	1	77	78	0.95	0	89.7	10.3	27	49.2	53	51	6.86	1.87	19.9	5	6981	30.69	1.35625	140.125	32.14375
"1234"	"temoin"	0	145	145	0.92	0	89.9	10.1	13.5	3.3	39.2	36.4	6.89	1.91	19.5	17	6078	29.69	1.63	182.25	35.415
"2319"	"temoin"	1	88	91	0.95	0	89.9	10.1	25.7	50	45	40.7	6.87	1.82	24	12	7424	32.39	2.683333333	179.3888889	33.82777778
"1777"	"temoin"	0	98	100	0.88	0	90	10	17.8	0	43.5	43	6.96	1.97	18.3	16	7429	31.89	1.507692308	165.4230769	32.89615385
"5622"	"methionine"	0	93	97	0.93	0	90	10	20.1	0	43.5	39.9	6.83	1.82	18.8	17	7053	30.69	2.806060606	174.969697	32.78181818
"3916"	"methionine"	0	97	103	0.9	0	90.3	9.7	18.5	0	40.8	38.4	6.79	1.85	19	19	7176	30.19	0.854545455	176.4545455	31.30454546
"2621"	"temoin"	0	92	95	0.95	0	91.4	8.6	21.9	20.8	47.5	47.5	6.95	1.97	19.3	14	8658	32.09	3.233333333	242.6666667	35.7
"1119"	"temoin"	0	91	92	0.95	0	91.5	8.5	21.6	54.2	45.1	41.3	6.86	1.82	19.5	14	8203	31.89	1.765217391	188	33.23913044
"3986"	"methionine"	0	96	83	0.94	0	91.8	8.2	26	52.4	55.1	53.4	6.75	1.85	21.3	14	6444	33.39	2.24	167.6666667	34.08
"4619"	"methionine"	1	85	82	0.95	0	92.1	7.9	23.8	81.5	48.6	42.9	6.93	1.78	20	8	7668	31.39	1.057692308	152.7307692	31.66923077
"9464"	"methionine"	1	107	112	0.97	0	92.7	7.3	22.4	35.2	40.6	35.8	6.34	1.77	21.3	15	6935	30.09	-0.191304348	125.2173913	29.05217391
"3618"	"temoin"	0	96	98	0.92	0	93.1	6.9	17.1	100	43.3	37	6.95	1.79	17.5	16	6829	30.89	0.927272727	203.3181818	33.31363636
"6503"	"temoin"	0	79	77	0.92	0	93.2	6.8	22.2	43.8	41.6	37.8	6.87	1.83	19	13	8123	31.19	1.765517241	141.1034483	32.85862069
"7754"	"temoin"	0	76	73	0.89	0	93.3	6.7	21.6	57.4	39.8	37.6	6.86	1.89	19.1	14	7057	29.99	1.989473684	191.3684211	33.60526316
"8718"	"methionine"	1	107	110	0.96	0	93.3	6.7	16.6	100	41	35	6.95	1.8	18	10	7452	31.59	2.533333333	129.4444444	32.35
"2762"	"temoin"	1	90	90	0.97	0	93.3	6.7	20.5	100	42.9	37.8	6.92	1.81	18.9	20	7249	31.59	5.252631579	210	33.33157895
"2607"	"methionine"	1	92	93	0.96	0	93.3	6.7	20	100	46.6	40.3	6.96	1.77	18.7	13	7088	31.59	3.04	249.2	36.03
"9519"	"methionine"	1	103	100	0.96	0	93.3	6.7	16.6	0	34.8	38	6.72	2	18	10	7083	30.69	4.15	196	33.09375
"2185"	"temoin"	0	97	100	0.93	0	93.8	6.3	22.2	0	48.4	47.3	6.8	1.9	20.6	9	7427	31.19	2.725	111.6875	32.78125
"4112"	"methionine"	0	98	93	0.97	0	93.8	6.3	20.5	0	42.1	37.7	6.87	1.82	20.1	5	7941	30.99	1.268421053	230.7894737	33.82105263
"5923"	"temoin"	1	89	89	0.96	0	93.8	6.3	23.9	82.5	47.3	42.7	6.88	1.8	21	14	8247	32.09	2.741176471	172.4705882	34.42941177
"9906"	"methionine"	1	88	93	0.93	0	94.2	5.8	21.9	0	44.3	40.7	6.79	1.82	19.7	14	7628	30.99	2.24	188.8	31.94
"6190"	"temoin"	0	105	106	0.92	0	97	3	22	0	50.7	46.9	6.81	1.81	21.2	19	8938	30.89	-0.781818182	101.969697	32.02727273
"2067"	"methionine"	1	145	142	0.94	0	97.3	2.7	15.8	25.6	44.5	39.6	6.79	1.78	21.7	8	7703	31.99	2.181818182	168.1818182	31.45909091
"9164"	"temoin"	0	93	92	0.93	0	98	2	19.1	26.8	41	36.8	6.82	1.82	18.9	16	5861	30.39	5.48	213.2	32.425
"6554"	"temoin"	0	111	114	0.95	0	100	0	15	0	36.9	33	6.84	1.84	17.6	12	7171	32.49	3.608	208.12	34.312
