"date";"maxO3";"T6";"T12";"T15";"Ne6";"Ne12";"Ne15";"Vx";"maxO3v"
19950401;47.6;10.1;13.3;13.6;8;8;8;-3.4641;62.2
19950402;56.2;9.5;13.8;17.4;8;7;0;0;47.6
19950403;61.8;3.6;16.8;21.5;4;2;2;-0.342;56.2
19950404;50.8;9.5;11.4;12.2;8;7;7;-0.5209;61.8
19950405;59.8;9.8;13.8;14.3;8;8;8;-0.9848;50.8
19950406;53.4;8.9;12.6;13.2;8;8;8;-1.8794;59.8
19950407;49.4;11.2;13.3;14.9;8;8;7;-0.1736;53.4
19950408;82.8;10;15.6;15.4;8;1;3;6;49.4
19950409;76.8;3.7;12.3;13.9;2;3;5;4;82.8
19950410;92.6;3.1;14.1;16.5;6;4;4;1.7321;76.8
19950411;90.6;4.3;17;18.5;3;4;3;4.924;92.6
19950412;104.6;4.8;18;18.9;1;1;0;4.3301;90.6
19950413;71;5.9;13.3;15;1;1;1;6.0622;104.6
19950414;66.6;6.5;14.1;15.6;0;1;2;2.0521;71
19950415;93.8;7;13.6;14.1;8;7;7;-2.5;66.6
19950416;87.2;7.1;11.3;12;7;6;5;-0.8682;93.8
19950417;71.6;9.2;12;12.1;8;8;8;-3.9392;87.2
19950418;72.4;10.7;12.3;10.4;8;8;8;-6.5778;71.6
19950419;63.4;2.6;7.8;7;6;7;7;-5.3623;72.4
19950420;62.2;-0.3;10.2;10.5;1;6;8;-2;63.4
19950421;76.8;5.4;13;12.8;6;7;6;6.8937;62.2
19950422;69.4;6.1;7.7;8.2;8;8;8;1.0419;76.8
19950423;79.4;2.4;11.7;12.9;3;7;8;0.9848;69.4
19950424;71.6;6.9;10.8;9.5;7;8;8;-1.3892;79.4
19950425;77;8.3;10;10.2;8;8;8;-4.5963;71.6
19950426;57.8;10.1;11.5;13.2;9;8;8;0.3473;77
19950427;60.8;9.2;10.7;11.2;8;8;8;2.9544;57.8
19950428;56.2;9.6;12.3;13.2;8;8;8;3;60.8
19950429;75.6;10.2;13;14.4;8;8;7;-2.5981;56.2
19950430;80.2;10.6;13.9;16.7;8;7;6;-1.2856;75.6
19950501;101.4;9.3;18.5;20.2;6;6;5;4.924;80.2
19950502;113;8.1;22.6;23.9;2;5;6;4;101.4
19950503;115.6;9.4;24.6;25.4;1;1;0;3.4641;113
19950504;117.8;10.2;26.6;27.7;0;1;1;1.0261;115.6
19950505;127.8;12.6;28.1;28.9;0;1;1;3.0642;117.8
19950506;144.6;14.5;27.9;28.6;3;3;1;3.4641;127.8
19950507;157;13.3;26.7;27.8;4;1;1;1.5;144.6
19950508;90.8;12.1;18.3;18;8;3;1;-1.0419;157
19950509;74.4;9.5;15.8;16.8;1;2;4;-1.3681;90.8
19950510;85.8;10;17.2;18.1;5;6;2;1.2856;74.4
19950511;58.2;10.4;13.1;13.5;8;8;8;5;85.8
19950512;64.4;8;9.3;8;8;8;8;1.3892;58.2
19950513;74;5;11.6;11.1;8;5;3;1.3892;64.4
19950514;85.6;2.4;14.1;15;1;3;4;-1;74
19950515;77.2;6.2;14.8;15.4;7;7;7;4.924;85.6
19950516;42.8;9.1;12.1;14.3;8;8;7;3.2139;77.2
19950517;75;12.4;15.3;15.1;7;6;6;-9;42.8
19950518;80;8;13.4;13.6;7;6;2;-1.0419;75
19950519;70.4;5.3;13.9;14.2;1;4;7;-0.3473;80
19950520;69;6.2;13.4;14.5;2;7;7;-4.4995;70.4
19950521;83.4;5.4;16.8;17.8;1;3;7;3.7588;69
19950522;94.2;9.6;20;20.9;7;6;6;4.6985;83.4
19950523;91.8;12.3;23;24.7;4;3;2;2;94.2
19950524;62;14.2;16;17.4;8;8;7;-4;91.8
19950525;59.8;10.9;19.7;20.1;2;5;4;-4.5963;62
19950526;62.4;10.9;18.6;19.6;6;7;7;-2.5;59.8
19950527;60.2;13.9;21.6;21.7;5;5;4;-3.5;62.4
19950528;64.2;15.7;21.4;21.7;6;7;6;-3.8567;60.2
19950529;68.8;12.1;17.1;19;2;6;5;-3.0642;64.2
19950530;64.6;10.4;14.4;16;6;6;7;-1.9284;68.8
19950531;76.8;10.7;16.3;18;7;7;5;-1.7101;64.6
19950601;66;9;16.7;16;7;7;8;-2.9544;76.8
19950602;62.6;11.9;17.7;16.7;8;6;8;-1.9284;66
19950603;46.2;11.7;14.9;16.9;8;8;7;-3.0642;62.6
19950604;69.4;11.6;17.6;16.6;7;6;6;-5.1962;46.2
19950605;72.2;8.6;16.3;16.6;3;6;6;-0.6946;69.4
19950606;78.2;8.7;19.5;20.2;3;4;4;-0.766;72.2
19950607;45.2;11;17.6;19.5;8;7;7;-1.0261;78.2
19950608;77.2;11.5;16.7;17.3;1;3;2;-1.3892;45.2
19950609;74;8.6;16.5;18.2;1;7;6;2;77.2
19950610;63.8;7.8;16.1;15.9;2;8;8;-1.9284;74
19950611;45.8;11.8;16;16.5;8;7;7;-2;63.8
19950612;64.6;11.9;15.2;16.5;2;6;6;2.5;45.8
19950613;60;10.8;14.8;14.4;5;7;6;0.8682;64.6
19950614;81;7.7;16.7;16.6;0;7;7;0.8682;60
19950615;65.6;9.9;18.5;20.6;7;4;2;1.0419;81
19950616;54.6;10.4;21.4;24.7;8;1;1;-1.5321;65.6
19950617;49.6;12.9;17;14.6;7;8;8;-4.5963;54.6
19950618;33.2;15.8;17.1;16.9;7;8;7;0.3473;49.6
19950619;66.6;14.4;21.6;24.2;7;3;6;-1.5;33.2
19950620;60.8;15.1;22.3;25.3;7;8;7;-1;66.6
19950621;56.4;15.3;23;24.4;8;1;1;2;60.8
19950622;78;14.6;21.6;22.4;1;1;1;6.0622;56.4
19950623;77.4;13.2;17.9;19.4;1;5;3;6.1284;78
19950624;70.8;12.7;20;21.2;6;1;2;3;77.4
19950625;93.6;12.6;22.5;24.8;5;4;2;4.924;70.8
19950626;102.2;17.9;28.8;29.7;0;1;2;6.8937;93.6
19950627;114;19;29.1;28.7;0;1;2;6.5778;102.2
19950628;121.6;17.1;30.5;30.9;0;2;3;5.6382;114
19950629;136.8;21.5;32.2;33.2;0;1;1;5.9088;121.6
19950630;137.4;19.1;32;33.5;0;1;1;1.5;136.8
19950701;136.6;18.3;30.3;21.8;6;6;8;-1.9696;137.4
19950702;86;17.2;22.7;24.3;8;6;6;-2.8191;136.6
19950703;84.4;15.1;19.2;19.3;8;7;7;-1.3681;86
19950704;77.6;12.8;20.7;20.9;0;7;6;-1.0261;84.4
19950705;51;12.3;19.2;20.3;1;8;8;-0.684;77.6
19950706;50.8;14.8;20.4;20.8;7;7;6;-1.5;51
19950707;75.8;13.7;24.3;26.4;5;5;3;0.5209;50.8
19950708;134;15.9;28.4;29.7;3;6;1;4.3301;75.8
19950709;129.6;18.3;32.7;33.5;0;3;3;1.5;134
19950710;98.8;21.2;25.2;27.6;7;7;5;-1.9284;129.6
19950711;66.8;17.7;21.3;25.1;8;7;4;-2.9544;98.8
19950712;71.4;18.1;24.6;25.7;4;7;7;0.5209;66.8
19950713;69.8;16.9;22.3;25.2;7;7;7;-0.342;71.4
19950714;59.6;16.9;23.2;19.1;5;6;8;-6.0622;69.8
19950715;79.2;17;22.6;24.3;8;5;5;-4.924;59.6
19950716;63.6;15.4;22.4;21.5;5;6;7;-4.6985;79.2
19950717;53.6;17.2;22.3;24.8;8;7;7;-3.5;63.6
19950718;69.6;15;24.9;27;6;6;5;-3.9392;53.6
19950719;104.2;18;27.2;30.6;8;3;3;0;69.6
19950720;123.4;19.2;33.1;34.9;0;1;3;1.8794;104.2
19950721;80.6;18.8;24.3;25.7;6;0;0;-1.7101;123.4
19950722;70.6;16.3;21.4;21.7;6;1;1;2.7362;80.6
19950723;105.6;11.3;23.4;25.8;0;0;0;1.9696;70.6
19950724;117.2;13.9;28.1;30.1;1;0;0;3.9392;105.6
19950725;128;18.4;31;32.6;1;3;5;6.8937;117.2
19950726;96.4;19.3;24.6;24.1;7;6;7;-5.1423;128
19950727;48;17.1;21.3;22.4;8;7;6;-5.1962;96.4
19950728;56.8;19.6;22.4;25.4;8;8;3;-1.7321;48
19950729;98.2;17;28;30.2;9;1;0;2.5981;56.8
19950730;114.6;15.9;30.7;31.1;1;3;3;1.7321;98.2
19950731;138.8;19.2;29.6;30.7;2;4;5;1.0261;114.6
19950801;140.8;17.9;32;32.2;5;1;3;0.3473;138.8
19950802;134.6;20.5;29.9;32.7;7;6;6;0.766;140.8
19950805;114.8;17.4;26.3;23.4;5;3;8;-1.7321;173
19950806;104.4;17.3;22.7;22.5;7;6;7;-1.2856;114.8
19950807;76.6;17.4;20.1;19.4;8;8;8;3;104.4
19950808;75;14.5;20.1;20.4;1;7;7;5.1962;76.6
19950809;115.8;16.5;24.2;25.4;8;2;7;3.8302;75
19950810;144;16.8;27.2;29.2;0;4;6;5.1962;115.8
19950811;144.4;17;30.6;32.4;0;1;2;-0.9848;144
19950812;108.2;17.2;20.5;25.7;8;7;1;-1.7321;144.4
19950813;72.4;18.1;23;23.4;7;3;1;0;108.2
19950814;88.6;14.6;22.3;22.3;1;4;7;0;72.4
19950815;112;12.2;24.4;25.9;1;2;2;1.7101;88.6
19950816;131.2;13.1;27.1;29;0;1;6;3.8302;112
19950817;131.6;14.7;28.6;29.4;3;1;3;4.3301;131.2
19950818;125.6;14.7;28;28.8;1;2;2;5.6382;131.6
19950819;155.8;15;29.6;30.3;0;2;2;1.5321;125.6
19950820;161.4;17.8;28.4;29.2;6;0;3;1.0261;155.8
19950821;125.4;16.3;28.2;28.2;0;1;3;4.3301;161.4
19950822;111.4;14.3;27.2;28.2;1;1;1;2.5;125.4
19950823;91.4;17.7;23;23.9;7;8;7;-3;111.4
19950824;68;14;23.2;24.4;5;5;4;-1.2155;91.4
19950825;73;19.1;23.8;26;8;7;4;-3.9392;68
19950826;86;14.9;22.8;24.4;1;2;1;-3.8567;73
19950827;73.8;17.4;23.2;22.8;6;7;7;-2.0521;86
19950828;65.4;13.2;20;19.6;6;4;4;-1.2155;73.8
19950829;65.4;9.6;21.3;20.7;1;5;7;-2.0521;65.4
19950830;81.2;16.7;19.1;21.6;7;6;2;3.2139;65.4
19950831;60.6;10.2;20.5;20.8;5;7;7;1.0419;81.2
19950901;58.8;15.9;19.4;20.8;7;7;5;-0.6946;60.6
19950902;68;13.1;21.4;22.1;8;7;7;-2;58.8
19950903;69.8;11.1;19.7;19;6;5;6;-6.8937;68
19950904;62.2;12;20.7;20.2;5;7;7;-4;69.8
19950905;66.2;12;19;21;7;4;5;-2.8191;62.2
19950906;64.8;13;17.5;18.1;7;8;8;0;66.2
19950907;67;17.5;18.9;16.7;7;7;8;-6;64.8
19950908;79.8;15.7;20.6;20.7;6;7;7;-6.8937;67
19950909;65.6;12.8;20.6;21;1;6;7;-1.0419;79.8
19950910;59;15.2;19;20.2;7;7;8;1.9284;65.6
19950911;78;11.5;19.8;16.5;0;5;7;-3.4641;59
19950912;56.2;11.3;18.4;15.2;3;4;4;-3.7588;78
19950913;70.6;10.2;17.8;20.1;5;6;5;-1.8794;56.2
19950914;45.6;13.8;13.6;16.1;8;8;7;-3.8567;70.6
19950915;48.2;13.6;17;15.1;8;7;7;-4.924;45.6
19950916;75.2;12.5;17.1;17.5;7;6;5;-3.2139;48.2
19950917;83.6;9.8;19.4;20.1;4;4;7;2.8191;75.2
19950918;75.2;14.3;19.8;18.4;7;6;7;3.7588;83.6
19950919;91.8;10.9;19.2;18.2;2;7;7;3.5;75.2
19950920;71.2;13.7;17.4;18.6;1;5;3;0;91.8
19950921;72.6;10.4;18.3;17.5;7;3;3;0;71.2
19950922;70.8;7.6;17;18.6;1;7;6;1.7321;72.6
19950923;53.2;10.8;18;17.9;9;7;7;-0.5;70.8
19950924;66.8;12.4;14.7;17.9;6;7;6;-3.4641;53.2
19950925;58;8.6;16.1;17.3;4;3;6;-2;66.8
19950926;49.2;11.4;16.2;16.8;7;7;7;-3.8567;58
19950927;60.4;16.5;15.9;17.2;8;8;5;-4.4995;49.2
19950928;49.6;6.7;15.8;15.2;4;7;6;-5.1962;60.4
19950929;45;7.6;15.3;15.9;6;7;7;-1.5;49.6
19950930;52.8;10.9;14.3;15.3;8;8;8;0;45
19960401;75.2;3.7;8.8;9.2;7;6;5;6.5778;86.8
19960402;75.4;0.2;6.3;7.6;0;5;3;3.5;75.2
19960403;81.6;-0.2;7.1;8.8;5;5;3;3.2139;75.4
19960404;95.8;-1.6;10.5;12.2;0;0;0;4.924;81.6
19960405;64;0.3;9.3;8.1;6;7;7;5;95.8
19960406;53;4.3;8.6;9.6;8;8;8;-1.5321;64
19960407;70.2;7.1;10.3;11.8;8;8;8;-1;53
19960408;83.4;7.3;12.4;13.2;8;8;8;-1.7321;70.2
19960409;87;4.9;15.2;16.6;7;6;3;0.5209;83.4
19960410;79.6;8.6;13.5;16.3;8;7;6;-1.5;87
19960411;81;8.2;14.3;16;7;7;6;-0.866;79.6
19960412;79.8;9.2;17.9;18.6;7;5;7;-0.3473;81
19960413;50;10.3;12.8;13.4;8;7;7;-1.8794;79.8
19960414;86.8;6.2;12.1;13.8;8;8;8;-0.9848;50
19960415;70;11.3;16.5;17;7;7;7;0.6946;86.8
19960416;105.8;7.4;18.6;17.4;7;6;8;2.5;70
19960417;81.4;7.9;15;16.3;4;6;6;-5.9088;105.8
19960418;68.2;8.1;15.2;14.2;9;6;7;-3.5;81.4
19960419;87;9.1;17.7;19.1;8;7;7;-0.5209;68.2
19960420;93.6;13.5;18.1;19.9;7;7;6;-2.0521;87
19960421;95.6;11.9;20.8;19.6;7;7;4;-3.4202;93.6
19960422;63.6;10.5;13.4;15;8;7;7;2.5981;95.6
19960423;68.6;9.6;12.7;11.7;8;7;7;-5.9088;63.6
19960424;81.6;6.7;14.3;13.3;2;6;7;-3.0642;68.6
19960425;84.4;4.5;12.8;14.8;3;7;2;-1.0261;81.6
19960426;85.6;3.7;15.5;16.8;9;3;3;2.5712;84.4
19960427;112.4;7;20.3;21.3;2;5;4;4.6985;85.6
19960428;100.2;9.1;18.7;17.5;7;5;5;-1.2155;112.4
19960429;89.6;6.8;15;15.7;1;4;5;1.5;100.2
19960430;74.6;5.6;15.1;14.8;6;5;6;-2.8191;89.6
19960501;81.8;8.3;10.3;12.8;7;7;7;1.0419;74.6
19960502;79;7.9;13;12.5;7;6;7;1.2155;81.8
19960503;65.8;8.1;9.3;10;8;7;8;1.0419;79
19960504;85;7.2;12.3;12.8;8;5;7;3.9392;65.8
19960505;105.6;4.2;14.6;16.3;5;3;3;4.924;85
19960506;79;8.9;7.9;10.1;8;8;8;5.3623;105.6
19960507;71.4;8;13.6;15.3;8;7;7;3.8567;79
19960508;74.8;9.8;10.4;9.8;8;8;8;5.1423;71.4
19960509;84.8;6.4;12.7;12.7;2;2;3;4.5;74.8
19960510;77;4.8;11.6;11.3;1;6;7;2.5;84.8
19960511;71.6;6;11.4;11.4;7;7;7;2.5;77
19960512;95.4;7.3;13.1;12.9;7;7;7;1.7101;71.6
19960513;95.2;3.2;14.4;15.2;0;6;7;0.6428;95.4
19960514;81.2;5.4;13.1;11.7;3;7;8;3.5;95.2
19960515;71;10.3;13.1;13.7;8;8;8;2.5;81.2
19960516;58.6;9.2;8.3;8.3;8;8;8;4.3301;71
19960517;43.2;7.7;10.1;12.4;8;8;7;0;58.6
19960518;72;10;16.5;16;9;7;6;0.866;43.2
19960519;86;6.5;12.9;14.2;3;6;5;-5.3623;72
19960520;82.8;8.7;13.8;16.3;7;6;3;-0.6428;86
19960521;88;8.7;14.1;16;4;6;6;-5.6382;82.8
19960522;67.2;10;13.4;12.7;8;8;8;-3;88
19960523;50;13.1;16.7;17.4;8;7;7;-4.5963;67.2
19960524;53.6;12.7;15.8;17.5;8;7;6;-4;50
19960525;62.8;12.3;13.5;14.2;8;8;8;0;53.6
19960526;64;12.2;13.8;14.5;8;8;8;-3.8567;62.8
19960527;71.4;12.1;15.6;16;7;7;7;-6.1284;64
19960528;68.4;10.7;16.7;18.1;7;7;5;-1.0261;71.4
19960529;90.6;11.3;20.7;22.6;8;2;2;-1;68.4
19960530;112.6;14.9;26.4;28.4;5;5;5;1.2155;90.6
19960531;60.2;13.9;17.6;18.6;7;8;8;-1.7321;112.6
19960601;86.8;10.5;17.1;17.7;3;5;6;-3.7588;60.2
19960602;81.2;10.9;15.5;15.6;7;7;7;0;86.8
19960603;90.2;7.7;18.7;21;0;2;1;-2;81.2
19960604;90;13.8;21.9;24;7;1;1;1;90.2
19960605;139;15.7;26.8;28.2;1;1;1;2.2981;90
19960606;139.6;18.5;30.8;31.8;3;4;1;0.684;139
19960607;130;19.3;30.6;31.6;0;0;1;-0.8682;139.6
19960608;94.6;13.3;12.6;12.8;7;8;8;0;130
19960609;86.8;9.9;21.4;23.2;2;3;2;-1.5;94.6
19960610;80;15.9;22.1;24;6;5;6;0;86.8
19960611;60;14.2;23.7;24.8;0;2;1;-3.2139;80
19960612;78.2;16;18.4;20.7;6;7;2;1.3681;60
19960613;121;12.5;22.6;24.3;0;0;0;4.3301;78.2
19960614;111.2;14;23.1;25.3;1;2;1;5.1962;121
19960615;129.4;15;25.3;27.3;3;5;4;6.8937;111.2
19960616;126.8;16.5;27.7;29.1;1;1;1;6;129.4
19960617;125;17;27.5;28.6;1;7;3;0.766;126.8
19960618;125.8;14.9;26.9;27.5;1;0;1;-2.2981;125
19960619;113.8;16.5;27.2;27.7;2;6;7;-1.3681;125.8
19960620;64.6;15.9;21.3;22;1;6;6;-4.6985;113.8
19960621;94.8;14.7;17.2;19.6;6;7;2;2.3941;64.6
19960622;98.2;10.5;18.7;19.1;0;3;5;-3.2139;94.8
19960623;113.2;10.5;19.4;20.9;0;4;4;2.5;98.2
19960624;96.4;10.7;20;20.9;1;6;5;0;113.2
19960625;95.6;11.4;21.6;22.6;7;5;5;0.5209;96.4
19960626;62.6;12.5;17.1;20;8;8;7;-2.5981;95.6
19960627;41.8;16.1;20.6;19.7;8;8;8;-0.9397;62.6
19960628;72.6;14.7;21.7;22.1;7;7;7;-4.6985;41.8
19960629;72;14.7;18.1;19.1;7;7;5;-5.7851;72.6
19960630;57.4;13;18.2;16.7;7;8;8;-5.9088;72
19960701;69.6;13.7;17.7;19.1;6;7;6;-4.6985;57.4
19960702;53.2;13.5;18;19.5;7;7;7;-4.924;69.6
19960703;38;14;18.9;17.6;8;8;8;-3.8567;53.2
19960704;65;14.2;21;21.1;5;6;5;-6.5778;38
19960705;49.4;12.8;18.1;15.2;8;7;7;-2.5981;65
19960706;58.2;10;18.5;13.4;2;7;8;-4.6985;49.4
19960707;73.6;10.6;17.6;17;7;6;5;0;58.2
19960708;62;12.1;19.6;20.6;3;6;4;-2.0521;73.6
19960709;56;11.1;19.2;18.6;1;7;8;-4.924;62
19960710;70.8;15.5;20.5;21.6;8;5;2;-2.0521;56
19960711;73;14.2;17.4;22.8;8;8;1;-1.7321;70.8
19960712;54.8;13;18.6;22.2;8;7;7;1.0261;73
19960713;33.6;17.3;21;22.1;7;7;7;-1.5321;54.8
19960714;57.2;17;23.1;26.2;8;3;1;-0.3473;33.6
19960715;96.4;17.7;24.4;26.8;8;6;6;3.4641;57.2
19960716;105.6;15.4;24.5;27;0;0;0;6.5778;96.4
19960717;114.4;15.3;25.9;28.6;1;0;0;4.924;105.6
19960718;119.8;15.2;27.2;29.3;1;2;0;4.6985;114.4
19960719;126.2;15.2;26.9;29.5;3;2;1;3.9392;119.8
19960720;151.4;14.1;29.2;31;1;1;1;1.2856;126.2
19960721;143.2;14.8;31.3;31.9;2;1;1;1.9696;151.4
19960722;134.4;18.2;32.2;33.8;0;1;1;3.0642;143.2
19960723;117.8;16.7;25.7;26.4;1;2;5;-4.924;134.4
19960724;69;16;22.1;22.7;7;5;3;-1.7101;117.8
19960725;103.6;12.5;24.6;26;1;5;3;2.8191;69
19960726;127.8;13.5;25.5;27.8;3;3;3;3.8302;103.6
19960727;67.2;16.3;22.4;23.5;7;6;7;0.8682;127.8
19960728;46.2;14.4;22.7;23.3;6;7;7;-2.5981;67.2
19960729;65.6;17.7;24.2;25.5;8;6;6;-3.9392;46.2
19960730;66.8;17.1;21;24.3;8;7;5;-1.9696;65.6
19960731;56.4;12.6;21;23.9;1;8;4;-4.3301;66.8
19960801;69.2;17;21.6;22.1;7;5;7;-4.5963;56.4
19960802;61.6;13.4;19.4;21.5;4;7;7;-2.0521;69.2
19960803;104.8;10.3;22.7;24.4;1;5;3;2.5712;61.6
19960804;131;14.5;26.4;27.7;0;0;2;4.6985;104.8
19960805;108.6;14.3;26.9;24.1;3;7;7;-2.0521;131
19960806;77.6;17.4;21.6;23;8;2;2;-4.3301;108.6
19960807;73.6;8.9;20.4;23;0;3;2;-0.5209;77.6
19960808;89.4;9.8;24.7;26.8;3;2;6;-2.5;73.6
19960809;48;16.9;18.7;20.7;8;8;7;-0.8682;89.4
19960810;63.6;16.8;20.8;21.4;8;7;6;-3.8302;48
19960811;63;14.5;19.8;21.1;6;6;6;-4.5963;63.6
19960812;77;13.2;20.2;22.6;1;6;4;-0.8682;63
19960813;106.8;14.8;22.3;24.2;8;4;3;-1.0261;77
19960814;106.6;12.4;23.6;25.2;0;4;1;1.3681;106.8
19960815;106.4;13.5;20.5;25.4;9;4;1;1.7321;106.6
19960816;118.6;13.2;27.2;28.7;0;2;3;0.866;106.4
19960817;134.2;13.5;29.5;30.6;0;2;1;0.5209;118.6
19960818;143;17;29.6;31.1;0;0;0;2;134.2
19960819;131.2;16.1;31.6;31.4;1;2;6;2.5981;143
19960820;93.6;17.5;22.2;24.8;7;7;7;0;131.2
19960821;64.8;13.9;21.7;24;7;6;5;-2;93.6
19960822;71.8;11.6;23.1;23.3;1;6;6;-3.5;64.8
19960823;60;18.1;21.4;22.1;7;5;4;-6.0622;71.8
19960824;67.2;14;21.7;20.3;7;7;6;-6.8937;60
19960825;79.2;13.4;20.2;22;2;4;5;-3.9392;67.2
19960826;61.2;10.1;20.3;20.8;1;4;6;-2.5981;79.2
19960827;60.4;11.2;18.3;18.8;3;6;6;3.8567;61.2
19960828;87.4;11.6;17.9;20;5;7;3;-2;60.4
19960829;75;12.6;18.9;19.2;4;7;6;-2.0521;87.4
19960830;64.8;11.7;18.3;18.6;5;6;7;0;75
19960831;74.4;11;20.5;19.3;3;5;5;0;64.8
19960901;87.8;8.4;19.7;21.7;7;5;5;2.5981;74.4
19960902;96;8.5;21.1;22.6;5;2;3;2.5712;87.8
19960903;102.8;8.7;20.7;22.2;3;4;1;3.8302;96
19960904;112.6;12.2;24.7;27.1;0;0;1;5.6382;102.8
19960905;99.6;12.8;22.3;24.8;4;0;0;0.5209;112.6
19960906;110.2;9.6;23.8;25.1;0;0;0;1.7321;99.6
19960907;103.8;9.2;21.8;22.9;0;0;0;4.6985;110.2
19960908;96.8;8.6;19;21;1;6;2;7.8785;103.8
19960909;78.8;12.9;19.1;21.1;6;2;3;3;96.8
19960910;57.2;13.1;17.3;18.8;7;8;6;2.5;78.8
19960911;74.4;11.8;18.7;17.4;4;7;8;4.6985;57.2
19960912;67;7;17.5;17.4;6;7;7;1.2155;74.4
19960913;66.8;7.4;16.9;17.5;2;1;1;1.0419;67
19960914;78.8;5.3;18.4;19.4;1;5;1;3.2139;66.8
19960915;89.6;5.9;20.7;22.9;1;1;0;3.4641;78.8
19960916;94.2;9.7;20.9;23.2;1;0;0;5.1962;89.6
19960917;100;9.8;21.6;23.9;2;2;2;6;94.2
19960918;90.4;10.3;17.9;20.2;4;6;7;5;100
19960919;45.6;10.3;14.3;13.8;2;8;7;3.8567;90.4
19960920;36.8;11.1;12.3;15.3;8;8;6;0.5;45.6
19960921;89.2;8.6;17.8;18;5;4;5;4.6985;36.8
19960922;72.2;12.3;14;15.2;8;7;7;0;89.2
19960923;66.4;9;18;18.5;7;7;7;-1.5321;72.2
19960924;83;5.4;19.3;19.3;6;5;8;-0.684;66.4
19960925;78.6;12.2;17.5;19.3;1;7;5;-0.5209;83
19960926;44.4;10.5;17;15.1;8;8;8;-3.2139;78.6
19960927;62.8;12.9;19.6;19.1;2;5;3;-5.6382;44.4
19960928;64;11.2;18.8;19.2;9;6;7;-2.5981;62.8
19960929;53.4;13.6;20.1;18.4;3;8;8;-4.5963;64
19960930;60;16.3;17.4;16.4;8;8;8;-3;53.4
19970409;99.4;5.1;20.7;23.1;5;5;5;-0.3473;81.8
19970410;115.8;5.2;21.6;24.2;1;0;0;2.5981;99.4
19970411;127.4;4.3;19.8;19.5;1;0;0;1.7101;115.8
19970412;91.6;4.1;12.3;13.5;3;2;1;4.6985;127.4
19970413;89;3.1;12.9;14.8;0;3;1;5.1962;91.6
19970414;90.8;3.5;16.3;18.1;0;0;0;5;89
19970415;96.8;7.8;16.5;17.2;0;0;0;5.1962;90.8
19970416;84;4.1;13.1;16.3;0;0;0;5.1962;96.8
19970417;89.8;6.2;14.2;15.7;0;2;2;6.5778;84
19970418;108.6;4.7;15.8;17.8;0;0;0;6.8937;89.8
19970419;90;5.3;12;13.1;0;7;7;4.6985;108.6
19970420;103.8;2.8;10.9;12.6;0;0;0;8.4572;90
19970421;97.8;1.7;11.8;13;0;0;0;1.7101;103.8
19970422;104.2;0;13.6;14.4;0;1;5;0.9848;97.8
19970423;96;1.7;15.2;16.4;1;3;4;-2.5981;104.2
19970424;82.6;3.8;17.9;18.9;0;6;5;-1.7101;96
19970425;62;8.8;12.6;13.8;8;8;8;-2.5712;82.6
19970426;65.8;10.8;16.1;16.8;7;6;7;-6.0622;62
19970427;64.4;10;15.1;17.4;7;7;4;-3.8567;65.8
19970428;61.4;13.7;17;16.5;7;8;8;-6.9282;64.4
19970429;70;11.2;15.8;16.7;7;7;6;-3.5;61.4
19970430;86.4;7.2;19.5;20.3;9;3;2;3;70
19970603;72.6;10.2;19.2;20.7;1;3;4;-1.9284;76.2
19970604;79.2;10.9;22.6;24.9;2;7;5;2.2981;72.6
19970605;80;17.7;21;18.5;6;7;6;3.2139;79.2
19970606;73.4;16.6;24.7;27.8;7;6;4;0;80
19970607;55.4;17;20.1;22.8;8;7;6;-6.9282;73.4
19970608;58.2;15.6;18.4;21.4;2;6;3;-4.924;55.4
19970609;70.2;12.8;21.2;23;9;7;6;2.5981;58.2
19970610;81.6;18.5;19.9;23.1;7;8;7;4.3301;70.2
19970611;73;16.2;17.6;21.7;8;8;6;-1.9284;81.6
19970612;96;15.9;20.8;21;8;7;6;-4.924;73
19970613;97.8;15.9;17.6;16.9;7;8;8;-3.4641;96
19970614;67.6;13.8;19.1;17.8;7;7;7;-4;97.8
19970615;59.8;13;19.8;20.9;6;7;5;-0.3473;67.6
19970616;63.8;14.1;20.2;14.1;6;7;7;-1.9284;59.8
19970617;68.4;13.6;19.1;19.2;7;7;6;2.5712;63.8
19970618;72.8;9.8;21.4;19.7;9;1;8;-0.9848;68.4
19970619;62.6;12.2;16.4;15.2;8;8;8;-4.6985;72.8
19970620;57.6;12.4;14.9;15.8;7;8;8;-4.4995;62.6
19970621;57.4;13;14;16.9;5;6;5;-5;57.6
19970622;62.2;11.4;15.6;15.2;2;7;7;-6.9282;57.4
19970623;74.4;12.7;15.3;17.2;6;8;7;-6.1284;62.2
19970624;70.2;13.2;17.7;17.9;8;8;7;-2.2981;74.4
19970625;75.4;12.4;14.6;18.2;8;8;7;-3.0782;70.2
19970702;61.8;10.8;18.5;16.2;7;5;7;-5.6382;51.6
19970703;60.6;11.7;14.1;15.8;5;7;7;-3.4641;61.8
19970704;76.4;11.1;17;15.7;6;7;7;-4.6985;60.6
19970705;92.4;13.2;19.6;20.9;1;5;3;-1.3681;76.4
19970706;99.2;10.8;21.2;23.2;0;1;1;-1;92.4
19970707;87.4;12.2;24.8;25.6;6;3;5;1.5;99.2
19970708;96.2;15.2;26;27.3;0;2;3;4.6985;87.4
19970709;89.4;17;25;26.3;0;1;2;5.6382;96.2
19970710;100.2;16.3;23.2;25.1;5;1;1;-1.0261;89.4
19970711;94.6;14.2;22.8;19.9;9;6;8;-1.2856;100.2
19970712;71.4;15.9;22.6;23.2;2;3;7;-1.9696;94.6
19970713;76.8;15.8;24;24.9;5;6;7;-3;71.4
19970714;67.8;15.3;19.8;22;2;6;5;-1.0261;76.8
19970715;65.6;13.1;23.5;23.7;1;7;7;-2.5981;67.8
19970716;67.4;16.7;20.6;20.2;7;5;4;0.6946;65.6
19970717;66.8;15.7;19.7;22;8;7;6;-3.8302;67.4
19970718;80.2;14.6;20.3;20.9;4;5;4;-0.8682;66.8
19970719;99.2;12.9;22.8;24.3;1;4;3;1.9284;80.2
19970720;99;12.1;23.9;25.3;2;6;6;3.7588;99.2
19970721;98.6;13.9;24.2;26.2;3;3;3;3.7588;99
19970722;109.2;13.4;26.3;27.3;1;4;3;4.6985;98.6
19970723;135.6;14.2;26.7;27.6;1;5;3;0.5209;109.2
19970724;124.8;13.2;24.5;21.8;7;7;8;-4.6985;135.6
19970725;40.2;15.1;21.1;22.9;8;8;7;-4.3301;124.8
19970726;39.4;16.5;23;24.7;7;7;7;-3.4641;40.2
19970727;74.8;18.2;23;24.5;7;5;3;-1.9284;39.4
19970728;90.2;13;24.7;27.2;1;3;5;-0.684;74.8
19970729;112;14.5;28.4;30;5;2;6;1.0261;90.2
19970730;77.2;15.3;21.8;23.6;6;6;3;0.6946;112
19970731;67;12.2;20.8;23.2;6;7;6;-2.5712;77.2
19970801;74.6;13.2;21.5;25.3;7;2;1;-2.2981;67
19970802;37.4;18.2;21.7;24;8;7;8;1;74.6
19970803;88.8;18.3;27.6;30.1;7;5;6;1.8794;37.4
19970804;71.2;17.4;23.2;24.7;3;7;7;-1.0261;88.8
19970805;49.8;18.4;23.1;21.3;8;7;7;-1.9696;71.2
19970806;87.4;16.7;24.8;26.6;6;3;3;-1.9696;49.8
19970807;82.6;19.6;24.1;26.4;5;8;4;0.684;87.4
19970808;114.6;16.6;26.8;29.9;9;1;3;0.684;82.6
19970809;121.8;17.3;29.1;31.2;1;5;6;1.8794;114.6
19970810;142.8;17.5;31.4;22.7;4;7;7;4.6985;121.8
19970811;95.4;19.5;21.8;24.3;8;8;6;-3.0642;142.8
19970812;131.8;16.5;25.8;29.2;9;3;4;-0.5;95.4
19970813;84;17.4;25.2;27.5;3;3;1;-2.8191;131.8
19970814;102.6;15.7;26.5;27.9;2;1;2;-0.9397;84
19970815;134.4;18;28.5;29.8;6;7;2;3.9392;102.6
19970816;119.4;18.8;28.7;30.1;1;5;6;0;134.4
19970817;87.6;17.5;21;22.8;8;8;7;-0.866;119.4
19970818;108;17.1;25.1;26.7;5;3;5;1.2856;87.6
19970819;114;18.4;27;29;7;7;3;-0.342;108
19970820;113.8;19.4;29.4;31.4;6;2;4;0.866;114
19970821;83;17.1;24.6;27.9;3;3;2;-1.5321;113.8
19970822;122;16;26.2;29.1;3;2;3;-1;83
19970823;89.8;19;24;28.4;9;5;1;-2;122
19970824;92.8;18.5;26.1;27.2;8;7;7;-0.766;89.8
19970825;61.6;18.6;19.4;20.7;8;7;7;-0.5209;92.8
19970826;74.6;12.1;20.9;22;7;6;7;0.1736;61.6
19970827;55.8;16.9;17.5;22.4;8;7;5;-1.9284;74.6
19970828;59.6;13.3;16.8;19;3;7;5;-7.5175;55.8
19970829;56.4;13.9;20.9;20;4;6;7;-6.8937;59.6
19970830;44.8;18.8;20.3;21.8;8;8;6;-4.924;56.4
19970831;70.6;17.7;23.5;23.8;5;4;4;-6.0622;44.8
19970901;62.2;12.5;19.6;20.9;6;7;4;-0.342;70.6
19970902;62.6;10.5;21.5;22.6;0;3;4;-3.7588;62.2
19970903;65.8;12.1;22.6;23.6;2;6;6;-2.5;62.6
19970904;52;17.9;17.1;18.3;8;8;7;-0.8682;65.8
19970905;57;12.4;18.6;17.9;7;7;7;0;52
19970906;69;9.4;19.4;20.6;1;4;4;-2;57
19970907;61;10;19.2;20.4;7;7;7;-0.342;69
19970908;61;11.5;19;20.6;7;8;1;0.5209;61
19970909;60.2;10.1;17.7;20.7;7;8;2;2.5712;61
19970910;83.8;10;21.4;23.7;1;1;0;4.924;60.2
19970911;90.4;10.4;22.2;23.9;4;4;3;-4;83.8
19970912;60.8;14.6;18;18.3;7;7;7;-3.2139;90.4
19970913;62.6;8.5;16.8;17.7;1;4;4;0;60.8
19970914;74;7.6;17.9;19.7;7;6;1;1.9696;62.6
19970915;82;6.5;20.3;21.4;1;4;6;2.8191;74
19970916;98.4;6.4;23.1;24.4;2;6;7;0;82
19970917;115.4;8.1;24.8;27.4;5;1;1;0.684;98.4
19970918;111.4;12.9;28.2;29.7;1;1;1;-2;115.4
19970919;129;13.1;28.9;30;1;1;1;2.2981;111.4
19970920;118.6;16.9;25.4;26.2;2;1;1;6;129
19970921;106.6;12.6;23.1;24.9;6;1;3;2.5981;118.6
19970922;111.6;14.6;22.5;25;7;6;1;1.2856;106.6
19970923;128.2;11.4;23.6;25;2;1;1;3.7588;111.6
19970924;121.6;9;24.6;25.8;1;1;3;4.924;128.2
19970925;118.6;9.6;23.5;27;1;0;1;2.8191;121.6
19970926;122.4;9.5;23.4;25.4;0;0;2;1.5321;118.6
19970927;139.8;8.1;22.3;24.3;2;6;6;-0.684;122.4
19970928;132;13.9;19.3;23.5;9;0;1;0.684;139.8
19970929;140.8;9.6;25.9;27.4;3;4;1;0.9397;132
19970930;121.8;10.9;24.3;26.5;9;0;0;0;140.8
19980404;86.4;10.2;13.8;12.1;7;5;6;-7.7942;90
19980405;85.2;7;13.4;13.6;3;6;5;-8.4265;86.4
19980406;89;6.9;13;13.5;5;6;6;-4.3301;85.2
19980407;89.4;6;14.2;8.9;6;5;7;-5;89
19980408;89.4;4;12.5;12.7;3;4;6;-2.5981;89.4
19980409;89.8;4.6;7.5;11.9;3;6;6;-1.2856;89.4
19980410;59.8;4.8;5.7;6.5;8;8;8;-0.5209;89.8
19980411;72.4;5.2;8.1;6.8;8;7;7;-2.3941;59.8
19980412;85;2.4;6.6;5.7;8;6;6;0.8682;72.4
19980415;86.4;3.9;8.1;8.9;7;5;3;-5.3623;74.4
19980416;80.2;4.3;8.3;11.1;8;8;6;2.7362;86.4
19980417;75.8;4.1;7.8;8.3;8;8;7;-5;80.2
19980418;91.2;3.9;9.6;9.1;3;7;7;-1.0261;75.8
19980419;90.8;5.7;10.7;13.1;8;8;7;0;91.2
19980420;94.2;7.8;13.2;13.4;7;7;7;-3.9392;90.8
19980421;80.4;7.9;16.7;17.2;5;4;7;-0.8682;94.2
19980422;68.2;8.7;19;19.3;6;5;6;0;80.4
19980423;71;9.9;12;15;3;8;6;-3.0782;68.2
19980424;86.2;9.7;14.2;15.1;8;8;8;-4.5963;71
19980425;94.8;12.4;12.9;12.4;8;8;8;-3;86.2
19980426;86.8;9;11.9;13.5;8;7;6;-2;94.8
19980427;85.6;5.3;13.6;11.7;2;6;7;-1.7321;86.8
19980428;84.6;5.6;14.5;14.7;1;6;6;-1.7101;85.6
19980502;79.4;9.2;12.7;11.6;8;7;8;2;79.6
19980503;84;7.1;11;11.8;3;8;7;3.5;79.4
19980504;106.6;7.3;13;14.3;1;3;3;3.5;84
19980505;96;8.3;15.6;17.8;7;2;3;-3.2139;106.6
19980506;74.2;10.9;14.3;14.2;8;7;7;-5.6382;96
19980507;105;11.6;17.6;19.6;7;4;2;-2.5;74.2
19980508;115.4;12;23.8;24.3;6;5;7;2.5712;105
19980509;106.4;13.3;19.8;21.3;6;5;7;-1.5321;115.4
19980510;109.8;11.6;24.2;26.5;6;5;6;2.5981;106.4
19980511;121.8;16.4;26;28;6;2;1;0.6946;109.8
19980512;115.4;15.3;25.1;26.2;3;2;6;-1.7321;121.8
19980513;108.8;13.2;24.9;22.3;3;6;7;-0.766;115.4
19980514;120;12.7;21.3;24;9;0;0;2;108.8
19980515;133.8;15.1;25.5;25.9;1;0;1;-0.5209;120
19980516;144.4;11.2;24.4;25.5;2;0;1;2.5712;133.8
19980517;142.8;11.3;23.7;24.1;0;1;2;3.9392;144.4
19980518;116.2;12;24.9;25.8;0;2;2;5;142.8
19980519;136.6;11.9;25.3;25.1;0;3;3;6;116.2
19980520;145.8;11.6;23;23.4;0;5;5;2.5;136.6
19980521;117.6;12;23.5;22.8;1;1;2;1.2155;145.8
19980522;96.8;11.5;17.2;18.5;3;3;4;3.8567;117.6
19980523;107;10.1;18.2;18.9;4;5;5;3.8567;96.8
19980524;92.8;12.4;17;18.2;7;7;5;0;107
19980525;80.8;9.5;17.5;18.1;8;6;7;-1.8794;92.8
19980526;81.4;11.4;18.4;16.8;5;7;7;-4;80.8
19980527;80;10.7;15.9;14.6;3;6;7;-1.5321;81.4
19980528;86.8;10.1;18;17;4;6;5;-0.9397;80
19980529;92.2;8.6;14.1;18.3;3;7;7;-4;86.8
19980530;85;13.8;17;17.2;7;8;7;1.0261;92.2
19980531;87.2;10.7;18;17;2;6;6;-2.0521;85
19980601;60.4;11.1;14.8;16.6;8;7;7;4.3301;87.2
19980602;88.6;14.7;18.7;19.6;7;5;3;-4.3301;60.4
19980603;95.4;14.3;18.7;19.2;2;5;6;-6.9282;88.6
19980604;101.4;11.3;21.2;22.8;5;6;7;1.8794;95.4
19980605;79.6;15.7;20.8;21.1;8;8;8;1.8794;101.4
19980606;99;15.9;20.8;22.8;7;6;5;-4.3301;79.6
19980607;84.6;12.9;18.8;19.5;6;6;5;-6.5778;99
19980608;79.8;14.2;18.8;18.3;6;8;8;-4.4995;84.6
19980609;63;16.4;20.4;16.6;8;7;8;-6.1284;79.8
19980610;69.2;13.4;18.4;17.9;1;5;6;-6.1284;63
19980611;66.2;10.8;11.9;11.9;6;6;7;-5;69.2
19980612;67.4;9.4;15.2;15.6;1;7;7;-6.0622;66.2
19980613;67.4;11.5;14.9;19.1;8;8;7;-2.7362;67.4
19980614;70.2;12.3;17.3;16.4;7;7;7;-4.924;67.4
19980615;85.8;12.6;15;17;8;7;3;-5.3623;70.2
19980616;84.6;9.4;18.3;19.1;2;4;5;-3;85.8
19980617;104;9.8;19.6;21.2;7;6;6;-3;84.6
19980618;91.4;13.3;21.2;23.8;7;4;2;-2.8191;104
19980619;115.2;14.8;27.3;29.7;5;5;6;2;91.4
19980620;151.2;18.8;32.7;35.1;7;5;5;2.0521;115.2
19980621;106.8;16.9;20.3;21.3;8;7;6;-0.6428;151.2
19980622;85.6;13.8;20.8;22.1;5;6;6;-2.8191;106.8
19980623;92.6;12.4;21.8;24.1;4;5;5;-1.9696;85.6
19980624;88.4;14.2;23.2;23.9;1;4;4;-2;92.6
19980625;72.6;13.9;20.3;20.7;2;6;6;-3.9392;88.4
19980626;69.2;13.6;19.7;20.3;5;7;7;-4.5963;72.6
19980627;65.8;16;16.1;19.2;7;8;6;-3.0642;69.2
19980628;68.4;12.1;18.7;20.5;1;6;6;-3.9392;65.8
19980629;58.4;12.2;17.3;18.3;7;8;8;-3.0642;68.4
19980630;40.2;14.5;19.6;21.1;8;8;7;-3.4641;58.4
19980701;83.8;15;19.8;20.3;8;8;8;4.924;40.2
19980702;66.8;14.8;16;16.3;8;8;8;4.6985;83.8
19980703;89.4;14.5;17.8;18.4;7;7;6;2.0521;66.8
19980704;81.6;12.4;18.6;20.2;8;8;4;-1.5;89.4
19980705;58.6;10.7;17.1;18.4;6;8;8;-2.8191;81.6
19980706;42.8;14.1;16.9;18;8;7;7;-1.9696;58.6
19980707;79;14.6;17.7;20;8;8;6;1;42.8
19980708;73.6;12.5;18.9;19.8;2;5;5;-0.8682;79
19980709;56.4;13.2;18.9;19.3;8;8;8;-4;73.6
19980710;65.8;15.8;19.1;19.7;7;7;7;-3.9392;56.4
19980711;79;15.7;21.3;21.4;7;6;7;-4.3301;65.8
19980712;37;16.4;21.3;20;8;7;7;-7.7942;79
19980713;65.4;14;18.9;19.9;8;4;4;-3;37
19980714;67.2;11.2;19.1;20.5;0;5;5;-1.7101;65.4
19980715;57;12.7;17.4;18.2;6;8;8;-2.9544;67.2
19980716;50.4;16.1;19.7;19.3;8;7;7;-4.924;57
19980717;78;15.6;21.1;21.9;8;5;4;-6;50.4
19980718;64;12.7;19.6;20.8;4;7;7;-2.8191;78
19980719;91.6;13.9;26.1;26.3;3;6;5;-2.5712;64
19980720;72.8;14.5;24.5;25.7;3;2;7;-1.7321;91.6
19980721;76.4;14.3;20.3;21.7;1;5;4;-5.1423;72.8
19980722;76.2;13.3;21.6;21.7;4;8;8;-3;76.4
19980723;55.2;15.7;17.7;18;8;8;8;-1;76.2
19980724;79.2;11.4;21.1;21.9;2;3;4;2.5712;55.2
19980725;110;10.7;22.8;23.5;1;6;5;2.9544;79.2
19980726;121.6;12.2;20;23.5;7;8;3;-0.866;110
19980727;69.4;14.8;19.1;20.7;7;8;7;-1.7101;121.6
19980728;49;15;17.1;20.6;7;8;7;-4.4995;69.4
19980729;59;15.1;18.4;19.1;8;8;8;-6.9282;49
19980730;56.2;13.4;20.2;21.5;1;7;7;-5.6382;59
19980731;57.2;12.1;20;19.7;2;6;7;-1.2856;56.2
19980801;68.8;11.6;19.3;18;9;6;6;2;57.2
19980802;80.2;11.6;21.5;22.7;1;3;4;1.9284;68.8
19980803;88.2;10.5;22.6;22.4;7;7;6;-3.7588;80.2
19980810;144.8;16.3;33.2;34.8;0;2;2;-3.7588;155.6
19980811;76.2;16.1;26.7;29.3;7;6;3;-0.684;144.8
19980812;79.4;15.1;23.7;23.2;7;7;6;-3.2139;76.2
19980813;121.6;12.1;21.3;22.4;2;4;5;0;79.4
19980814;78.4;11.6;23.8;26.3;2;5;5;-0.866;121.6
19980815;100;12.4;23.8;23.1;6;6;6;0.6946;78.4
19980816;75.2;11.7;23.1;24.5;2;3;2;-0.8682;100
19980817;71.4;10.8;22.4;22.7;7;5;7;-2;75.2
19980818;98.6;14.2;18.5;22.2;8;7;6;0.3473;71.4
19980819;79.4;11.5;22.6;23.8;0;3;3;0;98.6
19980820;55.8;11.6;20.5;21.5;0;7;7;-2.5712;79.4
19980821;45.6;17.7;21.7;22.8;8;7;7;-4.4995;55.8
19980822;68;17;21.5;22.9;8;8;8;-4.6985;45.6
19980823;69.2;11.6;21.1;21.8;3;4;7;-3.4641;68
19980824;94.6;16.2;21.3;21.8;6;4;3;-3.5;69.2
19980827;97.2;13.4;19.5;20.1;1;2;3;4.5963;84.6
19980828;101.6;7;19.3;21.1;2;5;4;0.8682;97.2
19980829;102.6;8.7;20.9;22.5;1;5;5;2.9544;101.6
19980830;115.8;11.4;23;24.8;6;2;2;3.7588;102.6
19980905;74.2;15.5;17.8;21.6;4;6;6;-3.8302;55.6
19980906;78.4;16.1;22.6;21.6;8;7;7;-1.3892;74.2
19980907;78.6;16.3;23.2;22.8;6;5;4;-5.1962;78.4
19980908;75.6;16.6;23.1;24.3;8;4;2;-8.8633;78.6
19980909;67.8;18.3;23;21.8;7;5;6;-7.7942;75.6
19980910;70;16.4;17.3;19.9;2;6;5;-5.6382;67.8
19980911;68;13.3;14.3;14.1;8;8;7;-2.2981;70
19980912;80.2;9.9;13.3;14.5;7;8;5;-4.3301;68
19980913;87.8;10.6;14.8;15.3;6;6;4;-1.5628;80.2
19980914;64.6;10.2;13.9;16.2;6;6;6;-6.1284;87.8
19980915;63.6;11.9;18.4;20.8;8;8;5;-4.6985;64.6
19980916;74.6;13.6;18.2;19.1;7;7;7;-3;63.6
19980917;70.2;12.3;19.2;20.7;6;6;6;-2.5712;74.6
19980918;92.2;9.2;22.2;23.7;0;3;4;1.2856;70.2
19980919;91.6;11.4;22.3;23.6;1;2;1;5.9088;92.2
19980920;85.6;12.4;23.2;24;1;0;2;5;91.6
19980921;98.8;12.6;22;23.4;0;2;2;6;85.6
19980922;94.6;11.6;21.2;21.9;1;1;1;5;98.8
19980923;116.2;10.9;22.6;23.7;1;3;4;3.9392;94.6
19980924;86.6;13.1;19.6;20.8;3;6;5;0;116.2
19980925;57.8;14.3;15.9;17.8;8;8;8;1.9284;86.6
19980926;76.2;16.2;20.1;18.4;8;6;6;-0.8682;57.8
19980927;72;13.6;18.6;18.5;8;7;7;-2.5712;76.2
19980928;65.8;15;17.7;18.9;8;7;4;-4.3301;72
19980929;69.8;12.7;15.4;16.7;8;8;7;1.5;65.8
19980930;78.8;13.6;15.1;13.8;3;6;8;-4.5;69.8
19990401;90.4;9.2;17.3;17.7;3;7;7;0;104.2
19990402;87.2;7.4;14.5;12.7;7;7;8;-5.3623;90.4
19990403;96;12.8;17.2;18.8;8;6;2;-4.924;87.2
19990404;69.4;11.3;16.4;15.4;8;7;8;-1.9284;96
19990405;82.6;10.3;18.2;20.8;7;6;1;-3.8302;69.4
19990406;83.2;10.9;15.3;18.3;8;7;6;-3.9392;82.6
19990407;91.6;9.6;13.4;13.6;7;5;4;-2.7362;83.2
19990408;92.2;4.6;14.6;16.1;3;6;5;-2;91.6
19990409;41.6;10;13.5;13.8;8;8;8;-0.9848;92.2
19990410;88.8;9.9;10.9;10.2;8;8;8;-3;41.6
19990411;98.8;5.5;12.2;13.5;7;6;3;-0.8682;88.8
19990412;87.8;10.9;13.7;11;7;6;4;-9;98.8
19990413;87;8.1;9.7;10.4;2;7;6;-6.8944;87.8
19990414;80.4;5.8;6.1;7.3;8;8;7;-4.6985;87
19990415;86;1.8;8.5;9;8;5;5;-4.5;80.4
19990416;88.6;2.5;8.9;9.4;7;7;7;0;86
19990417;98.6;3.7;12.8;11.2;5;4;4;0.8682;88.6
19990418;93.2;3.8;9.8;11.5;5;6;6;-4.6985;98.6
19990419;83.2;4.6;8.1;7.9;7;8;8;2;93.2
19990420;95.4;11.8;12.7;12.8;8;8;8;-1.5628;83.2
19990421;100.6;11.6;13.8;14.4;7;6;8;-6.1284;95.4
19990422;100.2;8.7;14.4;15;2;5;4;-6.5778;100.6
19990423;89.6;10.1;10.1;10.4;7;8;7;-10.3923;100.2
19990424;98.4;5.5;15.1;16;1;4;5;-3.9392;89.6
19990425;67;9;11.9;11.8;7;8;8;1.3681;98.4
19990426;95;9.9;15.8;17.5;6;6;5;1.5321;67
19990427;101;11;18.9;19.8;4;7;7;5.6382;95
19990428;100.8;11.2;18.7;19.4;0;4;4;8.6603;101
19990429;91;13.2;18.5;19.8;8;5;6;5.6382;100.8
19990430;94;10.8;18.3;20.5;9;7;7;1;91
19990501;112.6;10.6;22.4;23.1;3;7;6;2.5981;94
19990502;111.6;11.4;23.2;23.9;2;1;1;5;112.6
19990503;111;13.1;24.1;24.3;5;2;7;3.9392;111.6
19990504;97.4;14.2;18.5;21.1;7;7;6;-0.6946;111
19990505;105.6;9.7;16.5;17.8;9;8;7;-2.5712;97.4
19990506;91.4;11.5;19.3;20.4;3;4;5;-1.0261;105.6
19990507;75.2;14.5;18.2;16.1;8;8;7;-1.9696;91.4
19990508;92.4;11.5;18.2;18.3;6;5;3;-5.7851;75.2
19990509;109.4;9.9;22.6;22.6;6;7;7;2.7362;92.4
19990510;89.6;13.4;18;17.8;6;7;7;-4.5963;109.4
19990511;83.6;13.5;14;15.8;8;8;8;-0.8682;89.6
19990512;79.6;11.5;15.3;15.6;7;8;7;-2.5981;83.6
19990513;91.2;8.5;17;16.6;7;7;6;-4.5963;79.6
19990514;85;8.8;16.3;18.2;3;5;6;-1.7321;91.2
19990515;91.4;10.4;17.5;19.1;7;4;5;-0.5209;85
19990516;106;10.3;18.4;17.8;2;5;4;5;91.4
19990517;93.4;9.7;15.5;16.1;7;8;8;7.7942;106
19990521;80.6;10.7;16.4;19;6;8;7;-4;96.8
19990522;96;12.2;16.9;18.4;6;6;7;-3.4641;80.6
19990523;82.4;9.4;17.6;18.1;2;8;8;-2.9544;96
19990524;71.4;13;16.7;16.5;8;7;8;1;82.4
19990525;89.6;13;15.9;18;8;6;7;0.684;71.4
19990526;98;9.7;22;24;0;1;1;1.9696;89.6
19990527;113.4;16.1;24.9;23.4;3;4;1;3.4641;98
19990528;93.8;14.5;22.9;24.7;0;2;1;1;113.4
19990529;124.4;17.8;25.3;25.1;1;5;5;-0.8682;93.8
19990530;90.2;14.5;21.4;23.3;8;3;2;0;124.4
19990531;93;14.8;22.3;24.4;8;7;8;1.5;90.2
19990601;95.2;16.9;25.8;26.8;7;7;5;3.0642;93
19990602;88.6;17.5;16.9;17.5;7;8;7;-6.0622;95.2
19990603;77.8;13.5;16.1;17.7;8;7;6;-5.7851;88.6
19990604;70;14.3;15.4;15.6;8;7;7;-4.3301;77.8
19990605;80.8;11.3;14.2;13.4;2;6;8;-7.6604;70
19990606;79.4;11;17.1;16.8;1;7;6;-2.5;80.8
19990607;71;12;14.2;14.8;7;7;6;-2.2981;79.4
19990608;82.4;8.5;15.8;15.5;5;7;8;-4;71
19990609;79.8;12.1;17.4;16.7;7;7;8;-2.5712;82.4
19990610;101.6;12.4;18.1;18.5;7;7;6;-0.5209;79.8
19990611;94.6;10.7;18.6;18;1;5;6;0.6946;101.6
19990612;107.6;10.2;19.7;19.7;3;3;7;-1.7321;94.6
19990613;102;10.2;18.3;19.2;1;4;4;-0.8682;107.6
19990614;122.2;11.9;20.5;21.4;1;4;3;0.8682;102
19990615;138.2;13.1;23.4;25.2;6;1;3;0.3473;122.2
19990616;153.2;13.8;24.7;27.5;1;6;2;-1.7321;138.2
19990617;112.4;15.6;21.8;21.4;3;3;5;0;153.2
19990618;105.4;13.4;20.3;21.6;4;5;4;-0.1736;112.4
19990619;109;12.3;21.3;22.7;7;3;4;-2;105.4
19990620;71.4;15.4;18.7;16.7;8;8;8;-5.6382;109
19990621;74.6;10.8;15.9;16.8;1;6;5;-3.5;71.4
19990622;80.2;8.7;18;18.8;1;7;6;-0.684;74.6
19990627;74.4;15.6;19.2;15.2;8;6;7;-6.8937;103.2
19990628;62.2;13.4;15.7;17.9;6;7;7;-5.3623;74.4
19990629;62.6;16.4;22.3;21.7;8;6;7;-6.1284;62.2
19990630;67.8;13.8;17.6;18.9;3;7;7;-2.8191;62.6
19990701;53.6;15.4;22.5;24.2;8;7;6;-4.6985;67.8
19990702;108.6;17.1;29.7;32.3;1;0;2;3.8302;53.6
19990703;67.8;17.5;20.9;21.8;8;7;7;-3.2139;108.6
19990704;63;16.1;19.3;20;7;8;8;-0.6946;67.8
19990705;71;16.1;19.3;21.3;8;6;6;0.6946;63
19990706;70;15.1;20.5;22.8;7;6;2;-1.7101;71
19990707;51.4;14.5;18.9;20.2;7;8;8;-3.0642;70
19990708;106.4;14.5;24.9;27.1;6;5;4;4.3301;51.4
19990711;118;17.7;25.7;27.5;7;4;2;1.0419;132
19990712;118.2;18;25.6;28.3;1;3;1;1.7101;118
19990713;127.2;17.3;26.2;24.6;2;4;7;0;118.2
19990714;79;16.5;21.7;23.4;7;3;5;-4.924;127.2
19990715;75.8;17.1;22.6;23.5;6;5;4;-1.0261;79
19990716;75.6;12.1;19.5;22.3;2;8;1;-1.5321;75.8
19990717;107.8;14.3;26;27.8;1;3;3;-1.0261;75.6
19990718;130.6;15.9;28.1;29.1;1;4;4;1.5321;107.8
19990719;63.6;15.6;21.7;20.4;6;7;7;-2.3941;130.6
19990720;63.2;18.3;22.1;19.7;8;7;8;-5.3623;63.6
19990721;71;16.4;19.3;20.1;7;7;7;-4.6985;63.2
19990722;58;13.9;16.9;17.7;2;7;7;-0.8682;71
19990723;84.2;15;21.6;23.2;7;4;4;1;58
19990724;111.4;12.9;25.7;27.7;0;0;0;3.9392;84.2
19990725;118.6;15.2;29.7;31.5;0;0;1;6;111.4
19990726;122.2;21.7;31.1;31.8;3;5;4;8;118.6
19990727;136;18.5;26.7;29.1;5;6;6;5.1962;122.2
19990728;141.4;16.2;26.8;29.5;1;1;3;3.2139;136
19990731;143.4;16.7;26.4;27.6;7;5;6;0;159.2
19990801;132.4;16.7;27.8;29.1;8;2;6;-0.5209;143.4
19990802;98;16.6;26.7;27;7;7;7;0.684;132.4
19990803;85.2;16.8;23.8;25.2;7;5;4;1.0261;98
19990804;45.6;17.9;21.3;20.9;7;8;8;3.4641;85.2
19990805;62.2;15.7;24.1;25.3;3;6;6;-3.2139;45.6
19990806;67.2;17.6;22.1;20.8;7;6;7;2.5981;62.2
19990807;82;15.4;24.5;27;8;5;4;0;67.2
19990808;92.2;16.5;17.4;20.8;7;6;6;-4.5963;82
19990809;70;15.2;20.4;20.5;5;7;6;0;92.2
19990810;74;17;19.8;21;8;7;7;-3.8567;70
19990811;79.2;14.7;19.7;21.1;7;7;7;-1.2856;74
19990812;83.6;15.3;21.8;22.4;7;6;6;-1.7321;79.2
19990813;66;15.3;22.5;23.2;3;7;6;-2.2981;83.6
19990814;59;17.1;22.4;23.7;8;6;4;-5.6382;66
19990815;51.2;13.1;19.7;20.2;7;8;8;-3.8302;59
19990816;58.2;14;20.1;18.6;7;7;6;-2.9544;51.2
19990817;58.8;13.8;17.1;20.5;8;7;8;-4.3301;58.2
19990818;72.6;14.5;21.1;20.1;1;4;6;-7.7942;58.8
19990819;73;13.1;20.7;21.8;1;4;6;-5.9088;72.6
19990820;76.8;11.4;20.7;21.9;1;5;6;-1;73
19990821;109.2;14.7;24.1;24.3;5;6;5;4;76.8
19990822;107.2;14.4;24.3;25.5;5;3;3;3.7588;109.2
19990823;66.4;17.1;22.8;24.6;7;6;7;-1.8794;107.2
19990824;99;16.8;27.4;29.2;1;3;3;-0.5209;66.4
19990825;100.8;18.9;23.8;25.8;8;8;6;0;99
19990826;74;17.6;23.8;24.7;6;4;3;-2.8191;100.8
19990827;75.2;14.8;22.6;23.5;7;3;6;-0.1736;74
19990828;86;14.7;23.7;24.3;5;2;3;4;75.2
19990829;128.8;12;24.8;25.6;1;5;6;0;86
19990830;98.6;15.6;24.9;24;6;2;3;2;128.8
19990831;71.8;11.8;22.1;22.3;1;6;3;-0.6946;98.6
19990901;85.4;11.2;22.2;25.4;1;1;1;-0.6946;71.8
19990902;114.2;13.3;27.5;28.5;1;1;1;4.6985;85.4
19990903;106.4;15.6;25.3;26.6;2;4;2;4.924;114.2
19990904;139.2;11.6;25.9;27.2;0;1;1;4.3301;106.4
19990905;139;14.3;27.5;26.7;5;4;5;0.5;139.2
19990906;129.8;14.3;24.9;26.9;2;3;4;-1.0261;139
19990907;105.4;14.6;23;23.3;6;5;7;-3.0642;129.8
19990908;85.4;15.7;23.7;26.1;9;4;2;-0.8682;105.4
19990909;52.4;17.1;19.5;21;7;7;8;0;85.4
19990910;114.8;13;28.6;30.2;0;0;5;1.9284;52.4
19990911;133.4;17.5;30.7;30.8;4;4;2;-3;114.8
19990912;67.2;16.4;19.4;21.1;8;7;7;-0.3473;133.4
19990913;66.2;13.3;18.9;18.4;8;6;8;-0.6946;67.2
19990914;58.8;11.6;15.3;17.1;8;8;7;0.3473;66.2
19990915;79.4;7;19.6;20.8;0;2;1;-3;58.8
19990916;69.6;12.5;18.5;21;1;7;6;-3.8302;79.4
19990917;63.2;12.3;17.6;20.4;1;7;5;-2.5981;69.6
19990918;58.8;14.1;16.9;17.4;7;8;8;1.3892;63.2
19990919;66.8;13.5;18.3;17.9;8;7;8;1.3681;58.8
19990920;55.4;13.3;19;17;7;7;7;-1.2155;66.8
19990921;45.6;12.4;15.9;18.8;5;8;7;0;55.4
19990922;61.4;17.3;22.9;19.2;7;2;7;-4;45.6
19990923;67.8;16.5;20.6;19.7;4;7;7;-7.0707;61.4
19990924;67.2;16.7;22.2;22;5;3;6;-4.5;67.8
19990925;73.2;15.2;18;18.8;6;7;7;-2.7362;67.2
19990926;75.2;12.7;18.8;17.6;6;7;6;-2.5;73.2
19990927;75;16.2;17;19.2;8;8;6;-6.0622;75.2
19990928;63.4;12.1;17.6;17;1;8;8;-3.2139;75
19990929;67.4;16.3;18.3;19.6;8;7;7;-4.4995;63.4
19990930;65.8;12.7;17.9;18.4;1;6;7;-5.6382;67.4
20000401;76;5.9;9.9;12.5;7;7;7;-6.5778;40
20000402;53;6;10.2;13.2;7;8;8;3.4641;76
20000403;57;8.9;15;11.2;8;6;8;1.3681;53
20000404;61;8.2;8.1;6.7;8;8;8;-1.3892;57
20000405;61;3.2;5.8;6.7;8;8;8;1.0419;61
20000406;77;1.7;9.5;10.8;2;6;6;1.8794;61
20000407;66;-0.5;13.4;16.1;0;0;0;7;77
20000408;80;4.5;17.2;18.8;0;1;1;4.924;66
20000409;74;3.9;12.5;14.8;7;7;7;5.1962;80
20000410;56;9;10.9;13.5;6;8;5;3;74
20000411;69;1.1;10;8.3;6;7;7;-5.3623;56
20000412;63;1.9;8.7;10.2;1;6;6;-6.1284;69
20000413;65;5.4;13.7;14.6;2;6;4;-6.8937;63
20000414;54;5.2;7.7;7.2;8;8;8;5;65
20000415;60;7.6;7.8;9.3;8;8;6;-9.3969;54
20000416;69;2.2;7.9;13;7;8;6;4.6985;60
20000417;64;7.1;13.2;13.9;5;7;5;-8.6603;69
20000418;56;9.8;11.6;12.4;7;8;7;-1.3892;64
20000419;61;5.1;13.5;12.3;2;7;8;-2.0521;56
20000420;58;12.5;15;12.1;8;8;8;-4.4995;61
20000421;71;9.9;17;17.4;3;6;6;-4;58
20000422;69;9.6;15.2;15.6;7;7;6;-3.2139;71
20000423;73;8.5;13.8;14.3;8;5;6;-6.0622;69
20000424;57;6.9;11.6;11.5;3;8;8;2.3941;73
20000425;61;12;14.1;11.9;7;8;8;-2.3941;57
20000426;66;9.7;14.5;14.6;8;5;7;-5.7851;61
20000427;56;8.4;13.4;13.4;8;7;8;-0.3473;66
20000428;72;8.5;14.4;16.2;7;6;6;0;56
20000429;70;7;15.8;18.1;1;5;5;1.7101;72
20000430;75;7.2;19.3;21.1;1;6;6;4.924;70
20000501;79;12.4;20.2;21.8;4;8;2;4.3301;75
20000502;60;12;16.9;15.3;8;6;8;5.6382;79
20000503;58;11.2;14.8;13.7;8;8;8;5.1962;60
20000504;54;11;16;18.2;8;8;7;3.4641;58
20000505;90;13.4;21.8;23.7;4;4;2;4;54
20000506;91;14.6;22.3;23;7;6;6;0.684;90
20000507;75;14.5;19.6;20.6;7;7;7;1;91
20000508;71;13;18.5;17.2;8;7;7;1;75
20000509;74;12.9;19;22;8;6;6;2;71
20000510;77;15.1;18.3;21.5;8;6;6;2.8191;74
20000511;68;15.4;17.9;17.1;8;8;7;4.3301;77
20000512;75;14.2;16.1;18.3;8;8;7;-0.1736;68
20000513;94;12.7;17.9;22;9;5;2;0.342;75
20000514;92;12.3;23.1;24.5;8;5;5;2.9544;94
20000515;113;13.7;26;27;4;4;3;0;92
20000516;93;16;21.2;21;8;4;3;-3.0642;113
20000517;87;10.5;16.2;16.3;1;6;6;-4;93
20000518;83;11.2;14.2;14.4;8;6;7;-2.5;87
20000519;79;9.8;14.7;15;8;6;7;-4.6985;83
20000520;82;9.2;16.1;17.8;6;6;7;0;79
20000521;75;10.6;14.2;15.5;4;6;5;-3.8567;82
20000522;73;10.8;15.7;17;7;7;7;-3.7588;75
20000523;81;12.5;18.3;16.9;4;7;7;-4.4995;73
20000524;57;14.2;16.4;15.3;8;8;8;-2.5;81
20000525;81;11.1;17.2;18.8;7;6;5;-4.924;57
20000526;73;10.8;13.6;16.1;7;8;8;1.3892;81
20000527;77;8.6;14.7;13.5;1;7;8;-4.4995;73
20000528;78;9.9;15.1;16.3;2;5;6;-6;77
20000529;77;8.7;15.8;16.7;0;7;7;-2.5981;78
20000530;59;13;15.1;15.7;8;8;8;-4.3301;77
20000531;67;12.1;16.4;19.5;8;7;6;-0.5209;59
20000601;67;13.1;17.9;20.2;8;6;3;-3.2139;67
20000602;86;13.1;21.1;24.1;2;4;2;-0.5;67
20000603;72;14.4;19;21.7;8;8;5;-2.9544;86
20000604;82;11;19;20.5;2;5;5;-1.9284;72
20000605;61;12.4;16.4;16.2;8;8;8;-1.5;82
20000606;70;9.2;17.6;14.6;5;8;8;-2.2981;61
20000607;85;9;18.6;20.3;9;5;4;2.9544;70
20000608;107;12.7;23.2;25.1;4;1;1;2.5;85
20000611;83;13.3;18.5;20.2;8;7;4;-2.5712;76
20000612;75;13.8;18.8;23.4;7;7;3;-1.2856;83
20000613;59;14.3;20.1;24.2;8;6;2;0.9397;75
20000614;63;15.2;21.8;25.1;8;2;2;-1.5;59
20000615;52;13.7;20.6;25;8;2;1;-0.3473;63
20000616;102;15.6;25.7;28.4;0;0;3;2.9544;52
20000617;108;17.8;27.5;29.3;5;1;1;3.4641;102
20000618;116;17.6;29.2;31.9;0;0;0;4.3301;108
20000619;131;20.6;28.3;29.3;1;1;2;0;116
20000620;99;17.4;23.3;23.6;7;4;7;-0.684;131
20000621;76;17.2;21.6;20.8;8;6;6;-6.8944;99
20000622;75;14.7;19;19.3;5;7;7;-6.5778;76
20000623;60;14.3;17.6;16.3;7;7;7;-4.924;75
20000624;70;12.7;17.1;16.7;7;8;7;-3.2139;60
20000625;81;11.8;17.7;20;7;6;6;2.2981;70
20000626;106;11.8;21.9;22.8;0;4;3;4;81
20000627;112;14.2;23;24.4;4;5;4;7;106
20000628;128;15.8;24.1;25;1;7;7;1.9696;112
20000629;100;16.3;23.2;23.5;8;6;7;-1.2856;128
20000630;94;15;22.1;22.7;8;6;7;-0.684;100
20000701;75;16.3;24;24.3;8;5;5;-4.4995;94
20000702;73;15.3;21.7;22.5;7;7;2;0.3473;75
20000703;67;14.4;18.6;20.8;4;8;7;-1.5321;73
20000704;69;15.4;21.2;19;7;3;6;-6.5778;67
20000705;80;15.2;20.6;22.2;7;7;5;-3;69
20000706;88;15.8;23.4;24.9;3;7;4;3.9392;80
20000707;79;16.2;17.4;17.7;8;8;8;1.0419;88
20000708;71;12.3;18.6;19.1;3;7;7;-1.7101;79
20000709;52;14.1;18.2;17.4;8;8;8;-5.6382;71
20000710;70;12.5;16.7;17.4;2;7;3;-6.0622;52
20000711;64;13.4;17.1;15.5;4;4;6;-8.4265;70
20000712;64;9.6;19.7;19.2;5;5;7;-4.924;64
20000713;65;13.9;19.8;22.7;7;5;4;-5.6382;64
20000714;68;14.3;18.4;19.1;8;6;7;-4;65
20000715;72;13.5;18;19.3;7;5;3;0;68
20000716;82;10.5;18.9;20.6;6;7;5;1.3681;72
20000717;93;12.3;21.9;22.3;1;1;3;3.9392;82
20000718;115;11.3;22;23.6;0;3;4;2.5981;93
20000719;126;12;24.1;23.7;1;4;8;2.5981;115
20000720;127;13.2;24.9;25.9;1;2;2;0.5209;126
20000721;132;16.1;26.1;27.6;0;0;0;5.6382;127
20000722;109;17;25.4;24.6;2;7;7;7;132
20000723;108;17.4;24.8;25.1;6;6;8;1.9696;109
20000724;78;16.7;20.2;18.3;7;7;8;-6;108
20000725;76;16.1;21.5;19.4;8;7;7;1.9696;78
20000726;68;17.5;20.3;20;8;7;6;-2.8191;76
20000727;85;15.2;18.4;20.1;8;8;6;-1.5321;68
20000728;63;15.8;21.3;21.2;7;7;6;-3.8302;85
20000729;61;14.4;20;19;2;5;7;-3.0642;63
20000730;74;13;21.4;24;7;5;5;-1.7321;61
20000731;106;14.8;26.2;28;1;1;1;1.0261;74
20000801;89;14;23.8;23.6;0;3;6;-2.5981;106
20000802;70;14.9;23.4;19;1;5;6;-5.1962;89
20000803;72;14;20.3;21.7;2;6;6;-4.6985;70
20000804;80;15.5;20.7;20.9;7;4;5;-1.2155;72
20000805;74;12;21;22;3;4;3;-1.9284;80
20000806;62;15.4;21.5;21.1;7;7;7;-1.8794;74
20000807;67;17.6;24.2;24.9;8;6;7;1.9696;62
20000808;66;16.7;22.4;23.8;8;8;6;-0.6428;67
20000809;98;16.5;27.3;28.5;1;1;1;-2;66
20000810;53;14.4;20.8;24.2;8;8;2;-0.866;98
20000811;99;14.1;25.5;28;0;1;2;0.3473;53
20000812;97;16.3;25.1;26.3;7;1;1;-0.5209;99
20000813;89;16.6;23;21.5;7;6;8;-2.0521;97
20000814;64;19.1;23.2;23.1;7;7;7;-3.8302;89
20000815;75;14.8;22.9;24.7;2;1;5;-3;64
20000816;58;17.3;22.5;23.5;7;7;7;-4.6985;75
20000817;80;14.6;22.7;23;1;5;5;-3.4641;58
20000818;53;15.1;20.5;19.2;7;8;8;-1.3681;80
20000819;61;16.8;20.2;22;7;7;7;-1.2856;53
20000820;55;13.5;15.9;16.2;8;8;7;-0.342;61
20000821;70;10.5;20;20.5;2;4;7;-2.2981;55
20000822;85;11.9;22;24;6;6;6;4.3301;70
20000823;120;17.6;26.9;29.6;7;1;1;6.5778;85
20000824;140;16.8;27.8;31.4;6;2;0;3.2139;120
20000825;126;20.2;31.2;32.7;2;7;7;5.1962;140
20000826;102;18;19.8;22.9;8;8;2;-3.8302;126
20000827;66;14.6;21.7;19.8;7;6;6;-4.6985;102
20000828;68;14.6;20.1;20;7;7;7;-1.9696;66
20000829;72;14;22.3;23.3;3;7;7;-0.1736;68
20000830;91;14.8;23.4;22.8;4;5;5;4.3301;72
20000831;113;11.9;24.2;24.1;7;6;7;-2.2981;91
20000901;79;12.7;20.5;20.5;1;5;6;-5.9088;113
20000902;68;14.9;20.5;20.4;2;5;4;-2.0521;79
20000903;79;12.1;18.7;20.7;7;7;3;0.5209;68
20000904;79;6.9;19.8;21.2;1;5;3;1.7321;79
20000905;102;9;21.9;23;3;8;7;-2;79
20000906;64;16.8;21.4;21.5;7;7;8;-5.1962;102
20000907;74;11.1;20.5;21.8;3;5;7;-2;64
20000908;53;14.5;23.3;24.1;2;5;6;-1.8794;74
20000909;83;15.8;25.9;27.8;3;1;1;2.8191;53
20000910;95;16.3;28.5;30.5;1;0;0;3.7588;83
20000911;123;17.5;30.6;31.8;6;4;3;0.8682;95
20000912;85;17;18.6;20.6;8;7;3;-2.5712;123
20000913;64;11.2;18.9;20.4;6;7;7;-0.9848;85
20000914;70;13.6;23.1;23.5;1;4;7;-2.2981;64
20000915;68;15.5;22.5;18.6;9;7;6;-4;70
20000916;69;12.4;20.9;21.2;6;5;4;-3.4641;68
20000917;68;9.3;18.7;20.2;3;7;6;-2.8191;69
20000918;66;13.3;19.3;19.7;7;7;8;-3.0782;68
20000919;55;13.5;13.8;15.3;8;8;8;-1.0261;66
20000920;61;9.8;15.4;18.2;1;6;5;-2.5981;55
20000921;61;12.2;17.3;20.9;7;7;4;-3.5;61
20000922;64;17.7;23.4;24;8;6;5;-4.4995;61
20000923;98;15;24.9;26.9;2;1;1;3.2139;64
20000924;73;15.5;18.6;18.5;7;5;3;-3.0642;98
20000925;72;12.4;20.4;22.8;6;6;6;-1.0419;73
20000926;72;12.2;21.7;22;5;6;4;-4.4995;72
20000927;51;10.9;19.2;18;1;7;8;-4.4995;72
20000928;67;15.2;17.2;17.6;8;7;7;-4.3301;51
20000929;72;12.6;18.6;18.6;6;4;2;-0.8682;67
20010401;80;7.1;15.8;18.8;5;6;5;3.0642;83
20010402;80;9.5;17.8;18.4;1;6;7;-0.8682;80
20010403;86;7.7;14.7;12.8;1;7;7;-2.3941;80
20010404;87;7.9;10.7;11.6;4;5;6;-6.9282;86
20010405;74;6.5;11.3;11;7;8;8;-4.5;87
20010406;78;11.2;13.1;14.1;7;8;7;-4.5963;74
20010407;84;6.1;12.4;12.6;4;7;6;-6.8937;78
20010408;88;8.4;12.7;12.8;6;7;8;-3.2139;84
20010409;74;11.3;14.4;14.8;8;7;7;-4;88
20010410;88;9.8;10.2;12;7;7;7;-5.7851;74
20010411;89;9.2;12.8;13.3;7;4;3;-1.2155;88
20010412;81;3.1;11.8;12.6;5;7;8;-0.3473;89
20010413;81;8.2;11.5;11.5;8;7;7;1.0261;81
20010414;99;1.4;10.4;12.5;1;6;6;0.766;81
20010415;77;9.3;13.8;12;8;7;8;-4.6985;99
20010416;75;5.9;12;12.1;3;5;6;0;77
20010417;88;2.1;11.5;12.4;2;4;5;-1.0261;75
20010418;89;8.1;10.1;10.3;8;7;7;0;88
20010419;91;1.8;8.1;8.8;7;6;7;-2.5;89
20010420;88;2.6;7.7;9.6;3;6;7;0;91
20010421;94;2.3;10.3;10.4;1;4;5;1.0419;88
20010422;84;5.7;9.8;8.7;8;8;8;1.2155;94
20010423;93;5.6;12.9;14.2;6;6;5;-3.0642;84
20010424;95;8.8;15;16.6;8;7;5;-5.7851;93
20010425;84;7.9;14.3;9.9;5;6;7;-8.4572;95
20010426;82;7.8;13;11.3;2;8;8;-2.5;84
20010427;87;10.6;14.8;16.3;8;7;6;-2.5712;82
20010428;93;11.3;12.8;16;8;6;5;-4.3301;87
20010429;90;8.5;10.6;12.7;6;7;7;-4.3301;93
20010501;91;9.4;10.7;12.8;8;7;7;7.8785;83
20010502;67;8.5;13.4;14.9;8;8;6;0.6946;91
20010503;62;9.7;10.8;10.2;8;8;8;0;67
20010504;80;8.7;9.7;10.4;8;8;8;3.5;62
20010505;88;6.9;12.1;12.8;1;2;2;4.5;80
20010506;83;5.8;9.8;11;7;7;7;3.5;88
20010507;75;7.7;14.7;15.1;8;6;3;1.7101;83
20010508;94;8.5;15.1;17.6;8;3;7;0;75
20010509;61;10;15.9;16.8;8;7;6;1.9284;94
20010510;63;10.4;17.3;19.9;6;8;8;0.6428;61
20010511;110;11.5;22;24.1;9;5;4;-1.7321;63
20010512;139;11.2;26;26.8;0;1;2;4.3301;110
20010513;94;15.6;16.8;17.6;8;7;6;-4.6985;139
20010514;94;8.8;19.6;19.2;6;5;7;0.5209;94
20010515;88;9.9;14.9;17.7;5;7;5;-2;94
20010516;96;13.2;15.7;17.3;6;7;5;-4.5963;88
20010517;84;9.1;13.7;14.1;1;6;7;-3.9392;96
20010518;80;8.9;16.1;16.7;3;2;1;-2.0521;84
20010519;88;6.8;16.2;16.7;0;6;7;-0.3473;80
20010520;101;10.3;19.9;21.3;5;3;3;5.6382;88
20010521;117;10.6;22.1;23.4;0;0;1;5.6382;101
20010522;109;10.9;22.5;25.2;1;2;3;3.2139;117
20010523;122;14.9;22.8;24.2;5;1;3;2.2981;109
20010524;143;12.4;24.6;25.2;1;3;5;0.9848;122
20010525;130;13.3;21.4;21.5;8;6;7;-1.3681;143
20010526;110;13.3;20.3;20.5;7;7;7;-3;130
20010527;80;13.2;20.2;23.6;9;6;5;-1.8794;110
20010528;106;14.2;26.9;28.9;5;5;3;-1.9696;80
20010529;61;13.2;21.4;25.7;8;4;3;1.0261;106
20010530;80;14.5;25;23.7;5;3;3;0;61
20010531;84;13.3;19.1;18.3;3;4;2;-1.2155;80
20010601;87;10.1;18.5;18.4;1;4;8;-1.7101;84
20010602;82;12.8;18.4;17.7;6;5;7;-4;87
20010603;92;11.3;17.6;19.5;1;5;4;1.8794;82
20010604;114;9.3;19.7;22.5;1;1;0;0.3473;92
20010605;94;12;20.5;20.4;6;8;7;-2.9544;114
20010606;80;13.1;19.8;18.3;7;6;7;-5;94
20010607;79;13.4;15.6;14.9;7;8;8;-1.8794;80
20010610;79;9.3;17.5;18.9;6;5;4;-1.0419;99
20010611;101;9.1;19.6;21.4;0;4;4;-1.0261;79
20010612;106;10.1;21.9;22.9;7;6;8;-2.2981;101
20010613;101;12.5;19.3;20.2;1;7;3;-1.5;106
20010614;90;12.5;20.3;17.4;6;6;8;-1.0419;101
20010615;72;14.3;19.6;19.4;6;5;6;-2.7362;90
20010616;70;14.7;18.2;18;8;7;7;-7.8785;72
20010617;83;13.4;17.4;16.6;7;7;7;-2.0521;70
20010618;88;10.7;19.1;21.5;1;5;4;-2.9544;83
20010620;145;15;24.6;26.9;0;1;1;-1.5321;121
20010621;81;13.4;22.4;23.4;8;3;1;0.3473;145
20010622;121;12.9;24.2;26.9;2;1;0;1.7321;81
20010623;146;16.5;28.6;28.4;3;1;2;-1.9284;121
20010624;121;15.3;25.2;27.7;6;0;0;-0.5209;146
20010625;146;17.3;32.7;33.7;0;0;0;6.5778;121
20010626;108;20.7;23.5;25.1;0;4;0;-3.8567;146
20010627;83;16.2;22.9;24.8;6;6;6;-3.9392;108
20010628;57;14.3;22.4;22.8;5;6;7;-3.8302;83
20010629;81;14.6;25.1;27.2;7;4;4;-2.5712;57
20010630;67;16.8;23.4;23.7;8;5;4;-3.0642;81
20010701;70;14.1;22.7;24.9;7;2;1;0;67
20010702;106;16.8;28.4;30.1;0;0;1;3.9392;70
20010703;139;20.4;30.1;31.9;0;1;4;2;106
20010704;79;17.7;18.8;17.8;7;8;8;-0.866;139
20010705;93;16;18.2;22;7;8;6;0;79
20010706;97;16;23.7;25;6;3;4;1.7101;93
20010707;113;15.5;18.2;22.7;8;8;5;-3.9392;97
20010708;72;14.1;21.2;23.9;7;6;4;-3.9392;113
20010709;88;12.4;22;25.2;3;7;4;-3.0642;72
20010710;77;17.6;20.7;22.5;8;8;7;-5.6382;88
20010711;71;14;21;22.4;1;4;6;-6.8937;77
20010712;56;13.2;17.3;18.5;8;8;6;-3.8302;71
20010713;45;13.5;14.5;15.2;7;8;8;4;56
20010714;67;12.3;18.6;20.3;8;7;5;-3.7588;45
20010715;67;10.9;19.1;19.5;1;5;6;-3.7588;67
20010716;84;13.7;20.4;21.4;4;4;6;0.3473;67
20010717;63;13.4;20.5;20.6;8;6;6;-5.3623;84
20010718;69;14.9;15.6;15.9;8;8;8;-3.8302;63
20010719;92;14.5;19.1;19.3;6;6;4;-4.4995;69
20010720;88;13.1;20.3;20.7;6;6;5;-3.4641;92
20010721;66;16.8;21.6;23.3;8;6;5;-3.5;88
20010722;72;14.8;21.9;23.6;7;7;6;-1.9696;66
20010723;81;15.5;22.5;23.9;7;3;2;-1;72
20010724;83;13.2;22.5;24.1;1;4;6;-1.0261;81
20010725;149;12.6;26.9;29;1;4;3;-0.9397;83
20010726;153;14.8;27.7;29.4;0;1;4;1.5;149
20010727;159;17.3;28.3;26.5;1;2;7;1.2856;153
20010728;149;17.9;27.6;28.8;5;6;3;-1.5321;159
20010729;160;19.9;29.6;31.1;7;3;5;-0.684;149
20010730;156;18.7;30.5;32.2;0;1;4;-1.8794;160
20010731;84;17.8;26.3;27.8;6;0;2;-0.6946;156
20010801;126;17.3;29.5;31.2;3;4;4;3.7588;84
20010802;116;20.4;23.8;22.1;7;7;8;-2.3941;126
20010803;77;15.6;18.2;23.6;6;7;6;-2.5981;116
20010804;63;13.3;20.6;20.3;1;7;7;-4.924;77
20010805;54;16.4;18.7;17.8;7;8;8;-2.5;63
20010806;65;17.4;23;22.7;7;7;7;-4.924;54
20010807;72;17.9;21.6;20.4;8;7;8;-4.5963;65
20010808;60;15.1;21.4;21.7;6;7;7;-6.0622;72
20010809;70;13.3;17.1;20.5;2;6;3;-3.2139;60
20010810;77;10.6;20;20.8;3;5;4;-1.0261;70
20010811;98;10.4;22.8;24.3;2;1;0;-1.5321;77
20010812;111;13;25.2;26.7;1;5;2;-3;98
20010813;75;17.1;20.5;26;8;7;1;0;111
20010814;116;15;29.8;31.7;0;3;5;1.3681;75
20010815;109;18.6;23.7;26.6;8;5;4;-1.7101;116
20010819;67;16.7;21.1;18.9;7;7;8;-5.3623;86
20010820;76;13.4;21.3;24;5;5;5;-2.2981;67
20010821;113;12;24.8;27;3;1;2;0.8682;76
20010822;117;14.7;26.9;28.6;3;6;4;1.9284;113
20010823;131;16.1;28.4;30.1;4;3;3;-1.9696;117
20010824;166;17.2;27.2;30.8;8;0;1;-0.866;131
20010825;159;17.7;33.5;35.5;9;1;1;0.6946;166
20010826;100;18.6;22.9;27.6;8;8;6;-1.7321;159
20010827;114;19.2;26.3;26.4;6;4;5;2.8191;100
20010828;112;15.2;24.4;26.8;1;6;3;4;114
20010829;101;16.1;17.8;20.6;7;7;7;-0.5209;112
20010830;76;14.4;18.6;18.7;7;7;7;-4;101
20010831;59;12.1;20.3;20.3;2;7;6;-5.3623;76
20010901;78;12.2;20.2;21.5;5;5;3;0.5209;59
20010902;76;10;22.7;24.6;4;5;6;-2.9544;78
20010903;55;14.5;16.8;19.2;8;7;5;-1.8794;76
20010904;71;13.6;19.2;19.5;7;5;3;0;55
20010905;66;9;18.9;19.3;1;5;6;-0.8682;71
20010906;59;14.5;18.3;19;8;7;7;-1.9284;66
20010907;68;10.9;20.8;22.5;7;5;7;-3.4641;59
20010908;63;15.5;19.8;19.4;7;8;8;-6.0622;68
20010912;78;9;22.2;22;3;5;6;-5;62
20010913;74;15.5;18.7;19.1;8;7;7;-6.8937;78
20010914;71;10.5;17.9;18.6;6;5;1;-1.3681;74
20010915;69;12.6;17.7;17.5;8;7;8;-2.7362;71
20010916;71;11.4;17.7;16.6;4;5;5;0;69
20010917;60;10.5;14;15.8;6;5;4;3.2139;71
20010918;42;11.5;14.3;14.9;7;7;7;-3.2139;60
20010919;65;12.5;16.3;15.9;7;7;7;-6.0622;42
20010920;71;13.1;18;17.4;8;7;6;-3.0642;65
20010921;96;7.6;19.4;20.2;9;3;3;3.7588;71
20010922;98;8.5;19.7;20.3;1;2;2;5;96
20010923;92;8.9;17.6;18.2;3;4;6;5.1423;98
20010924;76;9.8;17.7;17.7;6;7;6;-0.766;92
20010925;84;10.6;17.7;17.8;7;5;6;-1;76
20010927;77;13.5;20.8;22.1;8;5;5;-2;71
20010928;99;11.7;23;22.6;6;4;7;0.8682;77
20010929;83;16.2;19.8;22.1;8;5;3;-3.7588;99
20010930;70;14.5;18.6;20.7;8;7;7;-1.0419;83
