"C1" "C2" "C3" "C4" "C5" "C6" "C7" "C8" "C9" "C10" "Sp"
"gi1 " 43.3 50.48 51.61 49.18 48.17 47.7 48.7 51.53 51.09 46.45 "gi"
"gi2 " 47.73 47.12 46.87 45.7 49.38 46.95 45.68 45.65 45.72 45.32 "gi"
"gi3 " 47.81 50.02 49.71 46.25 47.53 48.61 52.07 50.77 45.35 50.87 "gi"
"gi4 " 41.88 45.12 41.02 45.54 46.37 47.03 42.8 47.4 44.48 47.5 "gi"
"gi5 " 44.79 50.71 47.73 42.87 46.32 47.64 42.68 43.1 49.16 46.66 "gi"
"gi6 " 46.99 42.72 42.44 46.68 49.36 50.59 47.8 47.44 47.96 50.39 "gi"
"gi7 " 48.3 48.81 46.11 44.15 48.93 48.58 48.55 52.49 52.99 56.24 "gi"
"gi8 " 43.31 46.46 49.91 49.84 52.64 51.08 49.49 49.22 51 50.43 "gi"
"gi9 " 44.91 44.16 45.1 43.87 46.64 47.33 49.52 51.72 48.3 47.81 "gi"
"gi10 " 41.51 49.43 46.49 52.88 45.33 50.82 48.13 46.15 49.42 51.28 "gi"
"an1 " 39.94 49.04 51.45 36.72 44.13 37.03 48.28 38.95 42.11 40.47 "an"
"an2 " 44.78 42.7 43.04 41.08 44.16 36.99 47.21 36.46 42.21 44.42 "an"
"an3 " 44.2 44.08 44.06 38.28 46.3 40.6 47.37 38.27 40.27 38.91 "an"
"an4 " 46.79 48.71 44.33 39.35 45.8 33.8 47.41 37.55 43.56 44.44 "an"
"an5 " 41.54 44.57 45.48 36.99 46.04 39.45 44.57 29.61 36.59 41.17 "an"
"an6 " 45.94 45.59 43.86 38.03 46.96 41.42 47.3 34.72 40.66 43.29 "an"
"an7 " 43.3 42.51 47.64 45.25 39.28 38.51 43.94 37.89 41.21 44.46 "an"
"an8 " 44.86 44.08 43.96 37.13 45.78 40.79 48.91 34.27 47.22 47.68 "an"
"an9 " 40.11 47.76 43.43 35.06 40.49 35.23 43.07 30.58 44.27 35.55 "an"
"an10 " 46.41 43.21 42.94 36.74 43.83 36.24 46.62 38.28 40.93 43.26 "an"
"si1 " 39.59 43.07 46.77 47.89 47 35.02 45.41 42.98 46.79 52.47 "si"
"si2 " 43.02 40.91 41.55 45.02 38.88 30.05 44.23 42.17 32.83 38.49 "si"
"si3 " 44.26 41.5 41.5 43.59 42.42 37.25 35.05 44.28 50.01 48.05 "si"
"si4 " 44.32 41.61 50.05 45.11 50.26 25.58 41.4 42.15 45.89 47.97 "si"
"si5 " 47.3 40.29 44.94 43.87 45.74 29.9 43.56 40.66 45.57 54.33 "si"
"si6 " 47.54 46.38 46.92 51.33 47.33 31.04 38.93 46.38 51.28 48.56 "si"
"si7 " 45.82 44.94 48.24 49.14 48.27 36.51 46.99 43.29 51.08 48.44 "si"
"si8 " 39.78 48.81 42.31 48.72 47.6 33.3 47.37 47.88 41.45 48 "si"
"si9 " 45.98 47.13 44.1 42.09 39.25 27.67 44.16 40.09 34.91 40.05 "si"
"si10 " 54.8 50.88 39.22 42.48 47.34 29.67 50.09 45.35 42.97 51.16 "si"
"vi1 " 41.78 48.56 46.07 29.43 42.11 47.79 42.94 29.33 43.33 46.47 "vi"
"vi2 " 43.91 45.66 46.8 31.14 44.51 45.56 41.28 23.2 45.74 44 "vi"
"vi3 " 50.22 49.1 45.78 28.14 45.61 47.71 45.99 26.35 44.45 49.16 "vi"
"vi4 " 48.17 45.65 45.55 32 47.18 48.07 45.32 27.88 37.76 44.7 "vi"
"vi5 " 45.33 49.74 45.43 32.98 43.96 45.72 41.04 36.62 38.31 39.8 "vi"
"vi6 " 49.06 50.58 45.98 30.69 48.34 43.45 46.15 22.9 43.26 42.91 "vi"
"vi7 " 46.17 42.59 40.06 38.8 40.84 40.26 43.06 29.43 34.66 42.3 "vi"
"vi8 " 48.03 43.56 43.21 32.17 44.39 30.69 41.33 29.94 46.46 49.7 "vi"
"vi9 " 46.29 42.4 35.32 26.11 46.55 39.53 37.1 35.12 41.98 46.9 "vi"
"vi10 " 45.7 44.91 41.86 28.24 42.84 46.44 37.55 32.61 42.14 50.33 "vi"
"ar1 " 41.07 44.37 44.65 32.8 46.89 49.39 44.12 33.97 41.07 42.16 "ar"
"ar2 " 42.68 45.73 41.94 33.87 42.43 39.55 41.37 36.23 36.94 41.64 "ar"
"ar3 " 45.47 45.43 40.38 36.6 43.88 47.84 46.92 32.81 50.83 48.31 "ar"
"ar4 " 41.98 39.79 42.01 29.33 45.55 39.02 41.21 35.64 40.77 38.47 "ar"
"ar5 " 47.01 43.62 46.59 31.35 41.01 46.18 40.72 30.95 36.67 37.39 "ar"
"ar6 " 44.13 35.46 41.99 36.64 44.22 46.86 40.53 35.93 41.93 47.36 "ar"
"ar7 " 45.34 40.99 43.48 32.46 49.85 43.72 41.34 28.93 44.59 39.78 "ar"
"ar8 " 46.95 44.99 46.25 35.18 43.87 45.9 42.1 33.08 51.1 46.45 "ar"
"ar9 " 45.98 47.13 44.1 34.91 42.09 39.25 42.6 33.98 44.16 40.09 "ar"
"ar10 " 45.89 42.34 45.67 34.57 44.58 45.3 40.32 34.85 46.01 44.72 "ar"
"ga1 " 40.6 26.36 44.28 35.1 48.65 45.8 43.54 26.39 30.49 25.23 "ga"
"ga2 " 45.29 24.95 40.17 35.79 47.98 45.06 50.65 30.22 27.19 25.93 "ga"
"ga3 " 43.76 31.23 44.29 37.13 47.37 49.01 47.2 28.91 32.73 33.46 "ga"
"ga4 " 38.24 30.93 46.4 36.31 50.63 45.08 47.2 32.22 29.59 33.2 "ga"
"ga5 " 41.74 26.78 45.3 36.05 47.51 47.02 46.6 27.61 25.47 29.73 "ga"
"ga6 " 42.84 27.07 46.86 38.7 46.26 42.03 43.7 26.84 22.16 21.51 "ga"
"ga7 " 49.7 24.76 44.95 42 44.98 48.47 41.45 31.22 30.45 26.71 "ga"
"ga8 " 45.54 29.5 46.79 41.06 49.31 46.18 49.66 34.86 29.47 25.38 "ga"
"ga9 " 44.16 27.96 48.89 38.88 42.86 42.15 40.72 32.95 30.15 30.41 "ga"
"ga10 " 44.56 25.65 48.25 36.92 43.9 46.86 41.41 36.56 28.76 27.34 "ga"
"co1 " 47.47 45.4 49.77 30.03 44.62 48.03 32.01 41.43 45.84 46.65 "co"
"co2 " 45.77 45.63 45.48 30.04 47.58 42.52 33.47 43.13 47.82 44.72 "co"
"co3 " 46.04 44.77 44.85 25.83 40.32 39.35 34.13 38.54 42.26 43.16 "co"
"co4 " 45.81 41.47 45.31 30.09 41.01 47.74 31.76 46.04 43.39 40.55 "co"
"co5 " 39.52 42.27 43.45 29.71 47.09 45.99 30.77 47.12 45.71 47.91 "co"
"co6 " 46.31 40.2 44.33 32.21 46.79 44.24 36.71 45.89 48.66 47.16 "co"
"co7 " 44.46 44.31 44.15 30.26 42.59 40.97 31.16 46.87 38.67 39.62 "co"
"co8 " 44.4 44.07 38.67 33.54 41.88 44.07 31.89 38.62 41.35 45.67 "co"
"co9 " 41.63 44.51 44.41 29.35 44.55 49.6 25.61 46.77 45 38.22 "co"
"co10 " 42.65 43.2 44.61 33.74 44.24 40.67 34.93 39.79 44.68 38.26 "co"
